  -2.0141602e-01
  -2.6977539e-01
  -9.1400146e-02
   1.7059326e-01
   2.7645874e-01
   1.2939453e-01
  -1.3610840e-01
  -2.7716064e-01
  -1.6464233e-01
   9.8388672e-02
   2.7130127e-01
   1.9604492e-01
  -5.8624268e-02
  -2.5976563e-01
  -2.2323608e-01
   1.7486572e-02
   2.4224854e-01
   2.4533081e-01
   2.3956299e-02
  -2.1926880e-01
  -2.6199341e-01
  -6.4971924e-02
   1.9152832e-01
   2.7264404e-01
   1.0440063e-01
  -1.5936279e-01
  -2.7743530e-01
  -1.4160156e-01
   1.2368774e-01
   2.7587891e-01
   1.7572021e-01
  -8.5144043e-02
  -2.6812744e-01
  -2.0574951e-01
   4.4921875e-02
   2.5451660e-01
   2.3123169e-01
  -3.6010742e-03
  -2.3510742e-01
  -2.5155640e-01
  -3.7872314e-02
   2.1041870e-01
   2.6614380e-01
   7.8399658e-02
  -1.8106079e-01
  -2.7499390e-01
  -1.1724854e-01
   1.4767456e-01
   2.7755737e-01
   1.5353394e-01
  -1.1099243e-01
  -2.7392578e-01
  -1.8627930e-01
   7.1838379e-02
   2.6419067e-01
   2.1487427e-01
  -3.0975342e-02
  -2.4850464e-01
  -2.3873901e-01
  -1.0467529e-02
   2.2735596e-01
   2.5714111e-01
   5.1696777e-02
  -2.0098877e-01
  -2.6980591e-01
  -9.1766357e-02
   1.7028809e-01
   2.7664185e-01
   1.2988281e-01
  -1.3562012e-01
  -2.7700806e-01
  -1.6497803e-01
   9.8052979e-02
   2.7139282e-01
   1.9641113e-01
  -5.8227539e-02
  -2.5958252e-01
  -2.2344971e-01
   1.7089844e-02
   2.4191284e-01
   2.4554443e-01
   2.4475098e-02
  -2.1899414e-01
  -2.6205444e-01
  -6.5368652e-02
   1.9110107e-01
   2.7282715e-01
   1.0485840e-01
  -1.5896606e-01
  -2.7746582e-01
  -1.4208984e-01
   1.2332153e-01
   2.7575684e-01
   1.7596436e-01
  -8.4869385e-02
  -2.6806641e-01
  -2.0602417e-01
   4.4403076e-02
   2.5430298e-01
   2.3147583e-01
  -3.0517578e-03
  -2.3477173e-01
  -2.5177002e-01
  -3.8330078e-02
   2.1020508e-01
   2.6635742e-01
   7.8887939e-02
  -1.8078613e-01
  -2.7502441e-01
  -1.1773682e-01
   1.4730835e-01
   2.7752686e-01
   1.5393066e-01
  -1.1053467e-01
  -2.7386475e-01
  -1.8658447e-01
   7.1319580e-02
   2.6409912e-01
   2.1524048e-01
  -3.0609131e-02
  -2.4832153e-01
  -2.3892212e-01
  -1.0955811e-02
   2.2708130e-01
   2.5735474e-01
   5.2093506e-02
  -2.0074463e-01
  -2.7005005e-01
  -9.2254639e-02
   1.6983032e-01
   2.7658081e-01
   1.3027954e-01
  -1.3534546e-01
  -2.7700806e-01
  -1.6537476e-01
   9.7534180e-02
   2.7124023e-01
   1.9668579e-01
  -5.7800293e-02
  -2.5946045e-01
  -2.2372437e-01
   1.6632080e-02
   2.4176025e-01
   2.4566650e-01
   2.4841309e-02
  -2.1871948e-01
  -2.6223755e-01
  -6.5826416e-02
   1.9082642e-01
   2.7291870e-01
   1.0537720e-01
  -1.5859985e-01
  -2.7737427e-01
  -1.4239502e-01
   1.2277222e-01
   2.7578735e-01
   1.7633057e-01
  -8.4442139e-02
  -2.6803589e-01
  -2.0632935e-01
   4.3975830e-02
   2.5402832e-01
   2.3175049e-01
  -2.5939941e-03
  -2.3455811e-01
  -2.5189209e-01
  -3.8757324e-02
   2.0989990e-01
   2.6657104e-01
   7.9406738e-02
  -1.8035889e-01
  -2.7511597e-01
  -1.1807251e-01
   1.4706421e-01
   2.7755737e-01
   1.5423584e-01
  -1.1013794e-01
  -2.7380371e-01
  -1.8695068e-01
   7.0892334e-02
   2.6382446e-01
   2.1551514e-01
  -3.0120850e-02
  -2.4810791e-01
  -2.3913574e-01
  -1.1444092e-02
   2.2680664e-01
   2.5750732e-01
   5.2612305e-02
  -2.0040894e-01
  -2.7017212e-01
  -9.2651367e-02
   1.6949463e-01
   2.7651978e-01
   1.3055420e-01
  -1.3485718e-01
  -2.7694702e-01
  -1.6571045e-01
   9.7137451e-02
   2.7114868e-01
   1.9708252e-01
  -5.7312012e-02
  -2.5924683e-01
  -2.2406006e-01
   1.6113281e-02
   2.4154663e-01
   2.4594116e-01
   2.5329590e-02
  -2.1847534e-01
  -2.6242065e-01
  -6.6192627e-02
   1.9046021e-01
   2.7294922e-01
   1.0580444e-01
  -1.5829468e-01
  -2.7743530e-01
  -1.4282227e-01
   1.2249756e-01
   2.7575684e-01
   1.7669678e-01
  -8.3892822e-02
  -2.6776123e-01
  -2.0666504e-01
   4.3609619e-02
   2.5387573e-01
   2.3196411e-01
  -2.1972656e-03
  -2.3431396e-01
  -2.5210571e-01
  -3.9245605e-02
   2.0950317e-01
   2.6669312e-01
   7.9833984e-02
  -1.8005371e-01
  -2.7517700e-01
  -1.1853027e-01
   1.4654541e-01
   2.7758789e-01
   1.5466309e-01
  -1.0980225e-01
  -2.7377319e-01
  -1.8734741e-01
   7.0434570e-02
   2.6370239e-01
   2.1569824e-01
  -2.9663086e-02
  -2.4795532e-01
  -2.3937988e-01
  -1.1871338e-02
   2.2653198e-01
   2.5769043e-01
   5.3039551e-02
  -2.0010376e-01
  -2.7014160e-01
  -9.3109131e-02
   1.6921997e-01
   2.7661133e-01
   1.3092041e-01
  -1.3452148e-01
  -2.7694702e-01
  -1.6610718e-01
   9.6740723e-02
   2.7096558e-01
   1.9741821e-01
  -5.6884766e-02
  -2.5909424e-01
  -2.2430420e-01
   1.5655518e-02
   2.4130249e-01
   2.4612427e-01
   2.5726318e-02
  -2.1823120e-01
  -2.6263428e-01
  -6.6741943e-02
   1.9015503e-01
   2.7301025e-01
   1.0617065e-01
  -1.5786743e-01
  -2.7737427e-01
  -1.4318848e-01
   1.2200928e-01
   2.7569580e-01
   1.7712402e-01
  -8.3526611e-02
  -2.6770020e-01
  -2.0697021e-01
   4.3121338e-02
   2.5369263e-01
   2.3217773e-01
  -1.7395020e-03
  -2.3410034e-01
  -2.5234985e-01
  -3.9672852e-02
   2.0925903e-01
   2.6666260e-01
   8.0230713e-02
  -1.7974854e-01
  -2.7517700e-01
  -1.1892700e-01
   1.4614868e-01
   2.7758789e-01
   1.5502930e-01
  -1.0928345e-01
  -2.7365112e-01
  -1.8762207e-01
   7.0068359e-02
   2.6361084e-01
   2.1600342e-01
  -2.9327393e-02
  -2.4777222e-01
  -2.3962402e-01
  -1.2268066e-02
   2.2628784e-01
   2.5790405e-01
   5.3527832e-02
  -1.9976807e-01
  -2.7026367e-01
  -9.3505859e-02
   1.6879272e-01
   2.7667236e-01
   1.3146973e-01
  -1.3403320e-01
  -2.7691650e-01
  -1.6644287e-01
   9.6374512e-02
   2.7090454e-01
   1.9763184e-01
  -5.6427002e-02
  -2.5894165e-01
  -2.2448730e-01
   1.5197754e-02
   2.4108887e-01
   2.4642944e-01
   2.6245117e-02
  -2.1792603e-01
  -2.6266479e-01
  -6.7199707e-02
   1.8981934e-01
   2.7307129e-01
   1.0653687e-01
  -1.5750122e-01
  -2.7752686e-01
  -1.4352417e-01
   1.2164307e-01
   2.7548218e-01
   1.7745972e-01
  -8.3038330e-02
  -2.6757813e-01
  -2.0727539e-01
   4.2633057e-02
   2.5363159e-01
   2.3251343e-01
  -1.2512207e-03
  -2.3382568e-01
  -2.5250244e-01
  -4.0222168e-02
   2.0895386e-01
   2.6681519e-01
   8.0566406e-02
  -1.7932129e-01
  -2.7526855e-01
  -1.1938477e-01
   1.4575195e-01
   2.7746582e-01
   1.5539551e-01
  -1.0894775e-01
  -2.7362061e-01
  -1.8789673e-01
   6.9641113e-02
   2.6351929e-01
   2.1633911e-01
  -2.8747559e-02
  -2.4755859e-01
  -2.3986816e-01
  -1.2756348e-02
   2.2601318e-01
   2.5799561e-01
   5.3924561e-02
  -1.9946289e-01
  -2.7038574e-01
  -9.3963623e-02
   1.6842651e-01
   2.7676392e-01
   1.3192749e-01
  -1.3366699e-01
  -2.7682495e-01
  -1.6677856e-01
   9.5855713e-02
   2.7093506e-01
   1.9808960e-01
  -5.5938721e-02
  -2.5872803e-01
  -2.2482300e-01
   1.4892578e-02
   2.4078369e-01
   2.4655151e-01
   2.6702881e-02
  -2.1765137e-01
  -2.6287842e-01
  -6.7596436e-02
   1.8945313e-01
   2.7328491e-01
   1.0699463e-01
  -1.5707397e-01
  -2.7740479e-01
  -1.4395142e-01
   1.2130737e-01
   2.7554321e-01
   1.7773438e-01
  -8.2611084e-02
  -2.6742554e-01
  -2.0755005e-01
   4.2144775e-02
   2.5332642e-01
   2.3278809e-01
  -7.3242188e-04
  -2.3361206e-01
  -2.5265503e-01
  -4.0557861e-02
   2.0870972e-01
   2.6708984e-01
   8.1115723e-02
  -1.7901611e-01
  -2.7532959e-01
  -1.1972046e-01
   1.4541626e-01
   2.7746582e-01
   1.5576172e-01
  -1.0845947e-01
  -2.7343750e-01
  -1.8823242e-01
   6.9183350e-02
   2.6342773e-01
   2.1670532e-01
  -2.8259277e-02
  -2.4725342e-01
  -2.4002075e-01
  -1.3153076e-02
   2.2583008e-01
   2.5817871e-01
   5.4351807e-02
  -1.9921875e-01
  -2.7044678e-01
  -9.4360352e-02
   1.6806030e-01
   2.7682495e-01
   1.3229370e-01
  -1.3330078e-01
  -2.7682495e-01
  -1.6711426e-01
   9.5489502e-02
   2.7078247e-01
   1.9839478e-01
  -5.5450439e-02
  -2.5854492e-01
  -2.2506714e-01
   1.4373779e-02
   2.4069214e-01
   2.4676514e-01
   2.7160645e-02
  -2.1728516e-01
  -2.6293945e-01
  -6.7962646e-02
   1.8911743e-01
   2.7334595e-01
   1.0745239e-01
  -1.5667725e-01
  -2.7743530e-01
  -1.4434814e-01
   1.2088013e-01
   2.7557373e-01
   1.7813110e-01
  -8.2122803e-02
  -2.6736450e-01
  -2.0782471e-01
   4.1839600e-02
   2.5317383e-01
   2.3303223e-01
  -2.7465820e-04
  -2.3333740e-01
  -2.5289917e-01
  -4.1046143e-02
   2.0840454e-01
   2.6724243e-01
   8.1542969e-02
  -1.7861938e-01
  -2.7536011e-01
  -1.2020874e-01
   1.4505005e-01
   2.7752686e-01
   1.5615845e-01
  -1.0800171e-01
  -2.7337646e-01
  -1.8859863e-01
   6.8725586e-02
   2.6315308e-01
   2.1694946e-01
  -2.7862549e-02
  -2.4710083e-01
  -2.4023438e-01
  -1.3610840e-02
   2.2558594e-01
   2.5836182e-01
   5.4809570e-02
  -1.9882202e-01
  -2.7059937e-01
  -9.4787598e-02
   1.6772461e-01
   2.7676392e-01
   1.3259888e-01
  -1.3287354e-01
  -2.7679443e-01
  -1.6751099e-01
   9.5001221e-02
   2.7066040e-01
   1.9866943e-01
  -5.5145264e-02
  -2.5848389e-01
  -2.2540283e-01
   1.3885498e-02
   2.4041748e-01
   2.4691772e-01
   2.7587891e-02
  -2.1710205e-01
  -2.6312256e-01
  -6.8450928e-02
   1.8878174e-01
   2.7331543e-01
   1.0784912e-01
  -1.5637207e-01
  -2.7746582e-01
  -1.4477539e-01
   1.2042236e-01
   2.7548218e-01
   1.7849731e-01
  -8.1756592e-02
  -2.6715088e-01
  -2.0822144e-01
   4.1320801e-02
   2.5296021e-01
   2.3318481e-01
   9.1552734e-05
  -2.3309326e-01
  -2.5305176e-01
  -4.1534424e-02
   2.0797729e-01
   2.6724243e-01
   8.1970215e-02
  -1.7828369e-01
  -2.7548218e-01
  -1.2060547e-01
   1.4462280e-01
   2.7752686e-01
   1.5655518e-01
  -1.0760498e-01
  -2.7331543e-01
  -1.8896484e-01
   6.8328857e-02
   2.6303101e-01
   2.1713257e-01
  -2.7374268e-02
  -2.4688721e-01
  -2.4050903e-01
  -1.4129639e-02
   2.2531128e-01
   2.5854492e-01
   5.5297852e-02
  -1.9848633e-01
  -2.7066040e-01
  -9.5214844e-02
   1.6741943e-01
   2.7685547e-01
   1.3299561e-01
  -1.3244629e-01
  -2.7685547e-01
  -1.6793823e-01
   9.4573975e-02
   2.7044678e-01
   1.9894409e-01
  -5.4656982e-02
  -2.5830078e-01
  -2.2564697e-01
   1.3366699e-02
   2.4017334e-01
   2.4713135e-01
   2.7954102e-02
  -2.1679688e-01
  -2.6330566e-01
  -6.9000244e-02
   1.8844604e-01
   2.7337646e-01
   1.0815430e-01
  -1.5606689e-01
  -2.7758789e-01
  -1.4517212e-01
   1.1993408e-01
   2.7532959e-01
   1.7883301e-01
  -8.1359863e-02
  -2.6712036e-01
  -2.0852661e-01
   4.0771484e-02
   2.5274658e-01
   2.3342896e-01
   5.4931641e-04
  -2.3297119e-01
  -2.5338745e-01
  -4.1961670e-02
   2.0767212e-01
   2.6721191e-01
   8.2366943e-02
  -1.7797852e-01
  -2.7554321e-01
  -1.2106323e-01
   1.4416504e-01
   2.7743530e-01
   1.5686035e-01
  -1.0729980e-01
  -2.7325439e-01
  -1.8933105e-01
   6.7840576e-02
   2.6287842e-01
   2.1743774e-01
  -2.7008057e-02
  -2.4679565e-01
  -2.4084473e-01
  -1.4556885e-02
   2.2488403e-01
   2.5860596e-01
   5.5694580e-02
  -1.9824219e-01
  -2.7081299e-01
  -9.5672607e-02
   1.6699219e-01
   2.7685547e-01
   1.3345337e-01
  -1.3201904e-01
  -2.7673340e-01
  -1.6833496e-01
   9.4238281e-02
   2.7044678e-01
   1.9918823e-01
  -5.4199219e-02
  -2.5817871e-01
  -2.2592163e-01
   1.2878418e-02
   2.3986816e-01
   2.4737549e-01
   2.8503418e-02
  -2.1652222e-01
  -2.6342773e-01
  -6.9366455e-02
   1.8820190e-01
   2.7355957e-01
   1.0870361e-01
  -1.5560913e-01
  -2.7755737e-01
  -1.4553833e-01
   1.1959839e-01
   2.7520752e-01
   1.7913818e-01
  -8.0932617e-02
  -2.6696777e-01
  -2.0880127e-01
   4.0374756e-02
   2.5268555e-01
   2.3376465e-01
   1.0375977e-03
  -2.3260498e-01
  -2.5347900e-01
  -4.2449951e-02
   2.0748901e-01
   2.6745605e-01
   8.2824707e-02
  -1.7764282e-01
  -2.7557373e-01
  -1.2142944e-01
   1.4376831e-01
   2.7740479e-01
   1.5731812e-01
  -1.0678101e-01
  -2.7319336e-01
  -1.8969727e-01
   6.7352295e-02
   2.6284790e-01
   2.1774292e-01
  -2.6458740e-02
  -2.4652100e-01
  -2.4102783e-01
  -1.5014648e-02
   2.2463989e-01
   2.5878906e-01
   5.6121826e-02
  -1.9793701e-01
  -2.7090454e-01
  -9.6130371e-02
   1.6665649e-01
   2.7691650e-01
   1.3385010e-01
  -1.3162231e-01
  -2.7667236e-01
  -1.6860962e-01
   9.3780518e-02
   2.7038574e-01
   1.9958496e-01
  -5.3741455e-02
  -2.5796509e-01
  -2.2613525e-01
   1.2542725e-02
   2.3971558e-01
   2.4758911e-01
   2.8961182e-02
  -2.1624756e-01
  -2.6361084e-01
  -6.9854736e-02
   1.8771362e-01
   2.7362061e-01
   1.0906982e-01
  -1.5527344e-01
  -2.7755737e-01
  -1.4593506e-01
   1.1926270e-01
   2.7523804e-01
   1.7950439e-01
  -8.0505371e-02
  -2.6687622e-01
  -2.0904541e-01
   3.9886475e-02
   2.5238037e-01
   2.3397827e-01
   1.4648438e-03
  -2.3245239e-01
  -2.5366211e-01
  -4.2907715e-02
   2.0712280e-01
   2.6763916e-01
   8.3282471e-02
  -1.7730713e-01
  -2.7569580e-01
  -1.2185669e-01
   1.4340210e-01
   2.7737427e-01
   1.5753174e-01
  -1.0638428e-01
  -2.7307129e-01
  -1.8997192e-01
   6.6894531e-02
   2.6260376e-01
   2.1804810e-01
  -2.6092529e-02
  -2.4630737e-01
  -2.4127197e-01
  -1.5472412e-02
   2.2448730e-01
   2.5891113e-01
   5.6549072e-02
  -1.9754028e-01
  -2.7105713e-01
  -9.6496582e-02
   1.6625977e-01
   2.7679443e-01
   1.3421631e-01
  -1.3134766e-01
  -2.7673340e-01
  -1.6906738e-01
   9.3231201e-02
   2.7020264e-01
   1.9985962e-01
  -5.3344727e-02
  -2.5781250e-01
  -2.2650146e-01
   1.2023926e-02
   2.3947144e-01
   2.4774170e-01
   2.9357910e-02
  -2.1603394e-01
  -2.6379395e-01
  -7.0343018e-02
   1.8728638e-01
   2.7365112e-01
   1.0949707e-01
  -1.5490723e-01
  -2.7758789e-01
  -1.4639282e-01
   1.1874390e-01
   2.7520752e-01
   1.7980957e-01
  -8.0047607e-02
  -2.6672363e-01
  -2.0944214e-01
   3.9398193e-02
   2.5216675e-01
   2.3413086e-01
   1.9531250e-03
  -2.3214722e-01
  -2.5381470e-01
  -4.3304443e-02
   2.0684814e-01
   2.6773071e-01
   8.3709717e-02
  -1.7694092e-01
  -2.7569580e-01
  -1.2234497e-01
   1.4303589e-01
   2.7746582e-01
   1.5795898e-01
  -1.0601807e-01
  -2.7307129e-01
  -1.9033813e-01
   6.6497803e-02
   2.6239014e-01
   2.1829224e-01
  -2.5512695e-02
  -2.4603271e-01
  -2.4142456e-01
  -1.5899658e-02
   2.2415161e-01
   2.5918579e-01
   5.7128906e-02
  -1.9723511e-01
  -2.7114868e-01
  -9.6954346e-02
   1.6592407e-01
   2.7691650e-01
   1.3458252e-01
  -1.3088989e-01
  -2.7661133e-01
  -1.6931152e-01
   9.2864990e-02
   2.7011108e-01
   2.0025635e-01
  -5.2795410e-02
  -2.5759888e-01
  -2.2674561e-01
   1.1566162e-02
   2.3928833e-01
   2.4798584e-01
   2.9846191e-02
  -2.1572876e-01
  -2.6388550e-01
  -7.0648193e-02
   1.8710327e-01
   2.7374268e-01
   1.0992432e-01
  -1.5447998e-01
  -2.7755737e-01
  -1.4675903e-01
   1.1828613e-01
   2.7514648e-01
   1.8023682e-01
  -7.9620361e-02
  -2.6654053e-01
  -2.0974731e-01
   3.9001465e-02
   2.5207520e-01
   2.3440552e-01
   2.3193359e-03
  -2.3190308e-01
  -2.5405884e-01
  -4.3731689e-02
   2.0645142e-01
   2.6779175e-01
   8.4106445e-02
  -1.7657471e-01
  -2.7572632e-01
  -1.2268066e-01
   1.4260864e-01
   2.7740479e-01
   1.5838623e-01
  -1.0556030e-01
  -2.7297974e-01
  -1.9067383e-01
   6.6040039e-02
   2.6226807e-01
   2.1847534e-01
  -2.5207520e-02
  -2.4588013e-01
  -2.4169922e-01
  -1.6479492e-02
   2.2378540e-01
   2.5927734e-01
   5.7464600e-02
  -1.9696045e-01
  -2.7117920e-01
  -9.7412109e-02
   1.6558838e-01
   2.7697754e-01
   1.3500977e-01
  -1.3046265e-01
  -2.7664185e-01
  -1.6964722e-01
   9.2468262e-02
   2.6995850e-01
   2.0046997e-01
  -5.2459717e-02
  -2.5735474e-01
  -2.2695923e-01
   1.1108398e-02
   2.3904419e-01
   2.4826050e-01
   3.0395508e-02
  -2.1533203e-01
  -2.6397705e-01
  -7.1166992e-02
   1.8679810e-01
   2.7383423e-01
   1.1032104e-01
  -1.5405273e-01
  -2.7755737e-01
  -1.4706421e-01
   1.1791992e-01
   2.7505493e-01
   1.8063354e-01
  -7.9101563e-02
  -2.6638794e-01
  -2.0993042e-01
   3.8574219e-02
   2.5189209e-01
   2.3477173e-01
   2.8076172e-03
  -2.3165894e-01
  -2.5430298e-01
  -4.4250488e-02
   2.0617676e-01
   2.6785278e-01
   8.4564209e-02
  -1.7620850e-01
  -2.7578735e-01
  -1.2304688e-01
   1.4218140e-01
   2.7746582e-01
   1.5884399e-01
  -1.0513306e-01
  -2.7279663e-01
  -1.9094849e-01
   6.5643311e-02
   2.6220703e-01
   2.1878052e-01
  -2.4688721e-02
  -2.4566650e-01
  -2.4191284e-01
  -1.6815186e-02
   2.2354126e-01
   2.5942993e-01
   5.7952881e-02
  -1.9662476e-01
  -2.7130127e-01
  -9.7839355e-02
   1.6519165e-01
   2.7706909e-01
   1.3549805e-01
  -1.3009644e-01
  -2.7651978e-01
  -1.7007446e-01
   9.2071533e-02
   2.6995850e-01
   2.0083618e-01
  -5.2001953e-02
  -2.5726318e-01
  -2.2726440e-01
   1.0650635e-02
   2.3880005e-01
   2.4844360e-01
   3.0761719e-02
  -2.1505737e-01
  -2.6406860e-01
  -7.1594238e-02
   1.8646240e-01
   2.7386475e-01
   1.1074829e-01
  -1.5368652e-01
  -2.7755737e-01
  -1.4749146e-01
   1.1752319e-01
   2.7499390e-01
   1.8090820e-01
  -7.8735352e-02
  -2.6632690e-01
  -2.1023560e-01
   3.8116455e-02
   2.5167847e-01
   2.3498535e-01
   3.3264160e-03
  -2.3132324e-01
  -2.5433350e-01
  -4.4647217e-02
   2.0596313e-01
   2.6812744e-01
   8.5052490e-02
  -1.7584229e-01
  -2.7584839e-01
  -1.2344360e-01
   1.4184570e-01
   2.7743530e-01
   1.5921021e-01
  -1.0464478e-01
  -2.7270508e-01
  -1.9128418e-01
   6.5216064e-02
   2.6214600e-01
   2.1920776e-01
  -2.4169922e-02
  -2.4539185e-01
  -2.4209595e-01
  -1.7181396e-02
   2.2338867e-01
   2.5961304e-01
   5.8349609e-02
  -1.9628906e-01
  -2.7142334e-01
  -9.8266602e-02
   1.6476440e-01
   2.7709961e-01
   1.3592529e-01
  -1.2966919e-01
  -2.7655029e-01
  -1.7047119e-01
   9.1583252e-02
   2.6986694e-01
   2.0117188e-01
  -5.1452637e-02
  -2.5711060e-01
  -2.2750854e-01
   1.0284424e-02
   2.3852539e-01
