   1.2918091e-01
   9.7442627e-02
  -2.3559570e-02
  -1.2322998e-01
  -1.1032104e-01
   3.3264160e-03
   1.1355591e-01
   1.1959839e-01
   1.5838623e-02
  -1.0290527e-01
  -1.2799072e-01
  -3.6560059e-02
   8.7646484e-02
   1.3104248e-01
   5.3833008e-02
  -7.3425293e-02
  -1.3430786e-01
  -7.3120117e-02
   5.3985596e-02
   1.3073730e-01
   8.6822510e-02
  -3.7567139e-02
  -1.2878418e-01
  -1.0330200e-01
   1.5502930e-02
   1.1892700e-01
   1.1233521e-01
   1.8615723e-03
  -1.1148071e-01
  -1.2387085e-01
  -2.3986816e-02
   9.6923828e-02
   1.2826538e-01
   4.1412354e-02
  -8.4136963e-02
  -1.3348389e-01
  -6.1340332e-02
   6.6192627e-02
   1.3241577e-01
   7.6995850e-02
  -4.9591064e-02
  -1.3146973e-01
  -9.3688965e-02
   2.9144287e-02
   1.2463379e-01
   1.0549927e-01
  -1.0772705e-02
  -1.1782837e-01
  -1.1770630e-01
  -1.0437012e-02
   1.0571289e-01
   1.2457275e-01
   2.8778076e-02
  -9.3902588e-02
  -1.3146973e-01
  -4.9346924e-02
   7.7148438e-02
   1.3223267e-01
   6.5582275e-02
  -6.1889648e-02
  -1.3369751e-01
  -8.4014893e-02
   4.1473389e-02
   1.2808228e-01
   9.6496582e-02
  -2.4505615e-02
  -1.2414551e-01
  -1.1132813e-01
   2.1667480e-03
   1.1248779e-01
   1.1865234e-01
   1.4953613e-02
  -1.0375977e-01
  -1.2890625e-01
  -3.7506104e-02
   8.6730957e-02
   1.3015747e-01
   5.3131104e-02
  -7.4005127e-02
  -1.3500977e-01
  -7.3944092e-02
   5.3253174e-02
   1.3012695e-01
   8.6425781e-02
  -3.8055420e-02
  -1.2930298e-01
  -1.0394287e-01
   1.4770508e-02
   1.1822510e-01
   1.1163330e-01
   1.1901855e-03
  -1.1227417e-01
  -1.2496948e-01
  -2.5207520e-02
   9.5611572e-02
   1.2698364e-01
   4.0222168e-02
  -8.5357666e-02
  -1.3482666e-01
  -6.2927246e-02
   6.4605713e-02
   1.3107300e-01
   7.5744629e-02
  -5.0750732e-02
  -1.3272095e-01
  -9.5031738e-02
   2.7893066e-02
   1.2344360e-01
   1.0433960e-01
  -1.1840820e-02
  -1.1889648e-01
  -1.1880493e-01
  -1.1627197e-02
   1.0458374e-01
   1.2362671e-01
   2.8015137e-02
  -9.4757080e-02
  -1.3220215e-01
  -5.0140381e-02
   7.6446533e-02
   1.3180542e-01
   6.5277100e-02
  -6.2133789e-02
  -1.3385010e-01
  -8.4167480e-02
   4.1473389e-02
   1.2829590e-01
   9.6923828e-02
  -2.3834229e-02
  -1.2347412e-01
  -1.1068726e-01
   2.9296875e-03
   1.1352539e-01
   1.1996460e-01
   1.6448975e-02
  -1.0220337e-01
  -1.2744141e-01
  -3.6010742e-02
   8.8409424e-02
   1.3195801e-01
   5.5023193e-02
  -7.2143555e-02
  -1.3317871e-01
  -7.2143555e-02
   5.4931641e-02
   1.3189697e-01
   8.8317871e-02
  -3.6071777e-02
  -1.2753296e-01
  -1.0223389e-01
   1.6418457e-02
   1.1996460e-01
   1.1358643e-01
   3.1127930e-03
  -1.1038208e-01
  -1.2313843e-01
  -2.3376465e-02
   9.7534180e-02
   1.2893677e-01
   4.2358398e-02
  -8.3251953e-02
  -1.3284302e-01
  -6.1004639e-02
   6.6497803e-02
   1.3305664e-01
   7.7789307e-02
  -4.8797607e-02
  -1.3079834e-01
  -9.3322754e-02
   2.9449463e-02
   1.2509155e-01
   1.0610962e-01
  -1.0131836e-02
  -1.1730957e-01
  -1.1740112e-01
  -1.0223389e-02
   1.0604858e-01
   1.2512207e-01
   2.9693604e-02
  -9.3078613e-02
  -1.3079834e-01
  -4.8736572e-02
   7.7850342e-02
   1.3336182e-01
   6.6925049e-02
  -6.0546875e-02
  -1.3241577e-01
  -8.2916260e-02
   4.2755127e-02
   1.2957764e-01
   9.8205566e-02
  -2.2613525e-02
  -1.2237549e-01
  -1.0974121e-01
   3.6926270e-03
   1.1422729e-01
   1.2081909e-01
   1.7395020e-02
  -1.0144043e-01
  -1.2683105e-01
  -3.5461426e-02
   8.8928223e-02
   1.3265991e-01
   5.5786133e-02
  -7.1350098e-02
  -1.3247681e-01
  -7.1472168e-02
   5.5786133e-02
   1.3293457e-01
   8.9477539e-02
  -3.4698486e-02
  -1.2606812e-01
  -1.0095215e-01
   1.7791748e-02
   1.2149048e-01
   1.1532593e-01
   4.9133301e-03
  -1.0858154e-01
  -1.2139893e-01
  -2.1789551e-02
   9.9243164e-02
   1.3079834e-01
   4.4189453e-02
  -8.1420898e-02
  -1.3113403e-01
  -5.9387207e-02
   6.8054199e-02
   1.3461304e-01
   7.9437256e-02
  -4.7058105e-02
  -1.2924194e-01
  -9.1827393e-02
   3.0853271e-02
   1.2655640e-01
   1.0769653e-01
  -8.4838867e-03
  -1.1569214e-01
  -1.1590576e-01
  -8.8806152e-03
   1.0739136e-01
   1.2658691e-01
   3.1097412e-02
  -9.1796875e-02
  -1.2969971e-01
  -4.7912598e-02
   7.8521729e-02
   1.3400269e-01
   6.7657471e-02
  -5.9997559e-02
  -1.3217163e-01
  -8.2855225e-02
   4.2633057e-02
   1.2936401e-01
   9.8022461e-02
  -2.2949219e-02
  -1.2292480e-01
  -1.1059570e-01
   2.7465820e-03
   1.1309814e-01
   1.1947632e-01
   1.5991211e-02
  -1.0299683e-01
  -1.2857056e-01
  -3.7445068e-02
   8.6914063e-02
   1.3073730e-01
   5.3863525e-02
  -7.3303223e-02
  -1.3455200e-01
  -7.3760986e-02
   5.3527832e-02
   1.3073730e-01
   8.7371826e-02
  -3.6865234e-02
  -1.2829590e-01
  -1.0311890e-01
   1.5563965e-02
   1.1920166e-01
   1.1322021e-01
   2.9907227e-03
  -1.1056519e-01
  -1.2353516e-01
  -2.3925781e-02
   9.7076416e-02
   1.2881470e-01
   4.2266846e-02
  -8.3343506e-02
  -1.3320923e-01
  -6.1553955e-02
   6.5979004e-02
   1.3262939e-01
   7.7514648e-02
  -4.8919678e-02
  -1.3110352e-01
  -9.3811035e-02
   2.8869629e-02
   1.2463379e-01
   1.0601807e-01
  -1.0131836e-02
  -1.1746216e-01
  -1.1779785e-01
  -1.0803223e-02
   1.0556030e-01
   1.2478638e-01
   2.9388428e-02
  -9.3505859e-02
  -1.3150024e-01
  -4.9713135e-02
   7.6782227e-02
   1.3229370e-01
   6.6131592e-02
  -6.1340332e-02
  -1.3354492e-01
  -8.4289551e-02
   4.1259766e-02
   1.2823486e-01
   9.7076416e-02
  -2.3742676e-02
  -1.2368774e-01
  -1.1138916e-01
   2.1057129e-03
   1.1260986e-01
   1.1929321e-01
   1.5991211e-02
  -1.0293579e-01
  -1.2854004e-01
  -3.7414551e-02
   8.6914063e-02
   1.3085938e-01
   5.4260254e-02
  -7.3089600e-02
  -1.3436890e-01
  -7.3638916e-02
   5.3436279e-02
   1.3073730e-01
   8.7432861e-02
  -3.6804199e-02
  -1.2841797e-01
  -1.0351563e-01
   1.5136719e-02
   1.1880493e-01
   1.1282349e-01
   2.6550293e-03
  -1.1099243e-01
  -1.2405396e-01
  -2.4627686e-02
   9.6435547e-02
   1.2832642e-01
   4.1931152e-02
  -8.3770752e-02
  -1.3363647e-01
  -6.2103271e-02
   6.5429688e-02
   1.3226318e-01
   7.7301025e-02
  -4.9163818e-02
  -1.3146973e-01
  -9.4238281e-02
   2.8442383e-02
   1.2426758e-01
   1.0577393e-01
  -1.0192871e-02
  -1.1761475e-01
  -1.1804199e-01
  -1.1047363e-02
   1.0546875e-01
   1.2490845e-01
   2.9541016e-02
  -9.3261719e-02
  -1.3128662e-01
  -4.9530029e-02
   7.7117920e-02
   1.3284302e-01
   6.6772461e-02
  -6.0638428e-02
  -1.3281250e-01
  -8.3587646e-02
   4.1992188e-02
   1.2908936e-01
   9.8205566e-02
  -2.2491455e-02
  -1.2246704e-01
  -1.1019897e-01
   3.1738281e-03
   1.1395264e-01
   1.2078857e-01
   1.7608643e-02
  -1.0122681e-01
  -1.2695313e-01
  -3.5858154e-02
   8.8562012e-02
   1.3256836e-01
   5.6030273e-02
  -7.1166992e-02
  -1.3269043e-01
  -7.2082520e-02
   5.4931641e-02
   1.3229370e-01
   8.9050293e-02
  -3.5278320e-02
  -1.2698364e-01
  -1.0223389e-01
   1.6296387e-02
   1.2008667e-01
   1.1413574e-01
   3.9672852e-03
  -1.0980225e-01
  -1.2304688e-01
  -2.3590088e-02
   9.7442627e-02
   1.2939453e-01
   4.3151855e-02
  -8.2611084e-02
  -1.3262939e-01
  -6.1157227e-02
   6.6314697e-02
   1.3330078e-01
   7.8369141e-02
  -4.8065186e-02
  -1.3049316e-01
  -9.3475342e-02
   2.9266357e-02
   1.2515259e-01
   1.0675049e-01
  -9.1247559e-03
  -1.1657715e-01
  -1.1706543e-01
  -1.0162354e-02
   1.0629272e-01
   1.2594604e-01
   3.0792236e-02
  -9.2163086e-02
  -1.3021851e-01
  -4.8645020e-02
   7.8033447e-02
   1.3391113e-01
   6.7932129e-02
  -5.9509277e-02
  -1.3183594e-01
  -8.2733154e-02
   4.2816162e-02
   1.2991333e-01
   9.9060059e-02
  -2.1514893e-02
  -1.2158203e-01
  -1.0943604e-01
   3.8146973e-03
   1.1456299e-01
   1.2152100e-01
   1.8341064e-02
  -1.0052490e-01
  -1.2640381e-01
  -3.5461426e-02
   8.9080811e-02
   1.3320923e-01
   5.6762695e-02
  -7.0495605e-02
  -1.3195801e-01
  -7.1411133e-02
   5.5694580e-02
   1.3320923e-01
   9.0209961e-02
  -3.4027100e-02
  -1.2570190e-01
  -1.0107422e-01
   1.7395020e-02
   1.2133789e-01
   1.1550903e-01
   5.4016113e-03
  -1.0839844e-01
  -1.2170410e-01
  -2.2399902e-02
   9.8632813e-02
   1.3058472e-01
   4.4311523e-02
  -8.1329346e-02
  -1.3156128e-01
  -6.0180664e-02
   6.7199707e-02
   1.3424683e-01
   7.9498291e-02
  -4.7058105e-02
  -1.2954712e-01
  -9.2559814e-02
   2.9968262e-02
   1.2591553e-01
   1.0745239e-01
  -8.5144043e-03
  -1.1611938e-01
  -1.1685181e-01
  -1.0070801e-02
   1.0629272e-01
   1.2585449e-01
   3.0700684e-02
  -9.2407227e-02
  -1.3073730e-01
  -4.9285889e-02
   7.7239990e-02
   1.3305664e-01
   6.7047119e-02
  -6.0516357e-02
  -1.3302612e-01
  -8.4228516e-02
   4.1229248e-02
   1.2835693e-01
   9.7412109e-02
  -2.3223877e-02
  -1.2338257e-01
  -1.1135864e-01
   1.8310547e-03
   1.1257935e-01
   1.1972046e-01
   1.6662598e-02
  -1.0229492e-01
  -1.2817383e-01
  -3.7322998e-02
   8.7219238e-02
   1.3156128e-01
   5.5145264e-02
  -7.2052002e-02
  -1.3375854e-01
  -7.3394775e-02
   5.3771973e-02
   1.3131714e-01
   8.8348389e-02
  -3.5736084e-02
  -1.2759399e-01
  -1.0302734e-01
   1.5319824e-02
   1.1938477e-01
   1.1386108e-01
   3.6926270e-03
  -1.1016846e-01
  -1.2365723e-01
  -2.4353027e-02
   9.6771240e-02
   1.2896729e-01
   4.2785645e-02
  -8.2946777e-02
  -1.3320923e-01
  -6.1889648e-02
   6.5551758e-02
   1.3262939e-01
   7.8094482e-02
  -4.8400879e-02
  -1.3101196e-01
  -9.4177246e-02
   2.8320313e-02
   1.2451172e-01
   1.0617065e-01
  -9.8266602e-03
  -1.1737061e-01
  -1.1831665e-01
  -1.1566162e-02
   1.0494995e-01
   1.2460327e-01
   2.9510498e-02
  -9.3475342e-02
  -1.3186646e-01
  -5.0506592e-02
   7.6049805e-02
   1.3211060e-01
   6.6345215e-02
  -6.1248779e-02
  -1.3381958e-01
  -8.4991455e-02
   4.0405273e-02
   1.2771606e-01
   9.6984863e-02
  -2.3681641e-02
  -1.2396240e-01
  -1.1212158e-01
   9.7656250e-04
   1.1172485e-01
   1.1880493e-01
   1.5716553e-02
  -1.0327148e-01
  -1.2942505e-01
  -3.8757324e-02
   8.5723877e-02
   1.3012695e-01
   5.3771973e-02
  -7.3577881e-02
  -1.3528442e-01
  -7.5103760e-02
   5.2001953e-02
   1.2969971e-01
   8.6883545e-02
  -3.7322998e-02
  -1.2921143e-01
  -1.0476685e-01
   1.3549805e-02
   1.1758423e-01
   1.1218262e-01
   2.2277832e-03
  -1.1166382e-01
  -1.2521362e-01
  -2.6062012e-02
   9.5153809e-02
   1.2747192e-01
   4.1412354e-02
  -8.4320068e-02
  -1.3470459e-01
  -6.3537598e-02
   6.4086914e-02
   1.3122559e-01
   7.6751709e-02
  -4.9591064e-02
  -1.3229370e-01
  -9.5489502e-02
   2.7069092e-02
   1.2335205e-01
   1.0531616e-01
  -1.0467529e-02
  -1.1807251e-01
  -1.1886597e-01
  -1.2115479e-02
   1.0461426e-01
   1.2457275e-01
   2.9724121e-02
  -9.3139648e-02
  -1.3159180e-01
  -5.0079346e-02
   7.6660156e-02
   1.3287354e-01
   6.7352295e-02
  -5.9936523e-02
  -1.3241577e-01
  -8.3618164e-02
   4.1900635e-02
   1.2939453e-01
   9.8937988e-02
  -2.1545410e-02
  -1.2188721e-01
  -1.1016846e-01
   2.9907227e-03
   1.1389160e-01
   1.2103271e-01
   1.8035889e-02
  -1.0107422e-01
  -1.2734985e-01
  -3.6743164e-02
   8.7677002e-02
   1.3214111e-01
   5.5908203e-02
  -7.1411133e-02
  -1.3327026e-01
  -7.3150635e-02
   5.3894043e-02
   1.3171387e-01
   8.8958740e-02
  -3.5217285e-02
  -1.2722778e-01
  -1.0287476e-01
   1.5563965e-02
   1.1962891e-01
   1.1422729e-01
   4.3334961e-03
  -1.0955811e-01
  -1.2326050e-01
  -2.4200439e-02
   9.6893311e-02
   1.2939453e-01
   4.3395996e-02
  -8.2397461e-02
  -1.3287354e-01
  -6.1859131e-02
   6.5704346e-02
   1.3299561e-01
   7.8643799e-02
  -4.7821045e-02
  -1.3049316e-01
  -9.3811035e-02
   2.8717041e-02
   1.2500000e-01
   1.0702515e-01
  -8.7280273e-03
  -1.1642456e-01
  -1.1743164e-01
  -1.0894775e-02
   1.0586548e-01
   1.2591553e-01
   3.0975342e-02
  -9.2010498e-02
  -1.3058472e-01
  -4.9377441e-02
   7.7362061e-02
   1.3354492e-01
   6.7932129e-02
  -5.9478760e-02
  -1.3217163e-01
  -8.3557129e-02
   4.1778564e-02
   1.2924194e-01
   9.8968506e-02
  -2.1636963e-02
  -1.2200928e-01
  -1.1038208e-01
   2.6855469e-03
   1.1367798e-01
   1.2103271e-01
   1.8157959e-02
  -1.0098267e-01
  -1.2728882e-01
  -3.6682129e-02
   8.7799072e-02
   1.3241577e-01
   5.6304932e-02
  -7.0922852e-02
  -1.3287354e-01
  -7.2753906e-02
   5.4260254e-02
   1.3214111e-01
   8.9538574e-02
  -3.4545898e-02
  -1.2661743e-01
  -1.0244751e-01
   1.5899658e-02
   1.2002563e-01
   1.1468506e-01
   4.7607422e-03
  -1.0925293e-01
  -1.2316895e-01
  -2.4047852e-02
   9.7137451e-02
   1.2963867e-01
   4.3853760e-02
  -8.2061768e-02
  -1.3265991e-01
  -6.1737061e-02
   6.5734863e-02
   1.3317871e-01
   7.8826904e-02
  -4.7607422e-02
  -1.3046265e-01
  -9.4024658e-02
   2.8472900e-02
   1.2472534e-01
   1.0678101e-01
  -9.0942383e-03
  -1.1679077e-01
  -1.1798096e-01
  -1.1535645e-02
   1.0504150e-01
   1.2518311e-01
   3.0334473e-02
  -9.2864990e-02
  -1.3165283e-01
  -5.0598145e-02
   7.5988770e-02
   1.3235474e-01
   6.6802979e-02
  -6.0699463e-02
  -1.3360596e-01
  -8.5235596e-02
   4.0161133e-02
   1.2762451e-01
   9.7259521e-02
  -2.3284912e-02
  -1.2371826e-01
  -1.1221313e-01
   7.3242188e-04
   1.1184692e-01
   1.1947632e-01
   1.6662598e-02
  -1.0247803e-01
  -1.2884521e-01
  -3.8238525e-02
   8.6395264e-02
   1.3110352e-01
   5.5145264e-02
  -7.2113037e-02
  -1.3409424e-01
  -7.4096680e-02
   5.2947998e-02
   1.3095093e-01
   8.8439941e-02
  -3.5583496e-02
  -1.2771606e-01
  -1.0366821e-01
   1.4678955e-02
   1.1880493e-01
   1.1367798e-01
   3.8757324e-03
  -1.1013794e-01
  -1.2411499e-01
  -2.5115967e-02
   9.6221924e-02
   1.2872314e-01
   4.2938232e-02
  -8.2946777e-02
  -1.3366699e-01
  -6.2866211e-02
   6.4544678e-02
   1.3214111e-01
   7.7911377e-02
  -4.8522949e-02
  -1.3146973e-01
  -9.5275879e-02
   2.7160645e-02
   1.2359619e-01
   1.0571289e-01
  -9.9487305e-03
  -1.1788940e-01
  -1.1911011e-01
  -1.2634277e-02
   1.0400391e-01
   1.2414551e-01
   2.9418945e-02
  -9.3750000e-02
  -1.3256836e-01
  -5.1574707e-02
   7.5134277e-02
   1.3156128e-01
   6.6162109e-02
  -6.1340332e-02
  -1.3424683e-01
  -8.5906982e-02
   3.9398193e-02
   1.2698364e-01
   9.6679688e-02
  -2.3803711e-02
  -1.2435913e-01
  -1.1297607e-01
  -6.1035156e-05
   1.1093140e-01
   1.1859131e-01
   1.5930176e-02
  -1.0336304e-01
  -1.2988281e-01
  -3.9520264e-02
   8.5144043e-02
   1.2997437e-01
   5.3985596e-02
  -7.3211670e-02
  -1.3540649e-01
  -7.5561523e-02
   5.1544189e-02
   1.2957764e-01
   8.7219238e-02
  -3.6712646e-02
  -1.2893677e-01
  -1.0491943e-01
   1.3305664e-02
   1.1767578e-01
   1.1273193e-01
   3.0212402e-03
  -1.1108398e-01
  -1.2509155e-01
  -2.6123047e-02
   9.5184326e-02
   1.2799072e-01
   4.2358398e-02
  -8.3465576e-02
  -1.3424683e-01
  -6.3415527e-02
   6.4147949e-02
   1.3186646e-01
   7.7880859e-02
  -4.8370361e-02
  -1.3140869e-01
  -9.5001221e-02
   2.7496338e-02
   1.2411499e-01
   1.0656738e-01
  -9.0332031e-03
  -1.1672974e-01
  -1.1810303e-01
  -1.1596680e-02
   1.0531616e-01
   1.2567139e-01
   3.1127930e-02
  -9.1949463e-02
  -1.3079834e-01
  -4.9804688e-02
   7.6843262e-02
   1.3345337e-01
   6.8206787e-02
  -5.9295654e-02
  -1.3232422e-01
  -8.4136963e-02
   4.1229248e-02
   1.2887573e-01
   9.8724365e-02
  -2.1759033e-02
  -1.2237549e-01
  -1.1117554e-01
   1.6479492e-03
   1.1279297e-01
   1.2054443e-01
   1.7822266e-02
  -1.0137939e-01
  -1.2808228e-01
  -3.7750244e-02
   8.6822510e-02
   1.3189697e-01
   5.6091309e-02
  -7.1258545e-02
  -1.3345337e-01
  -7.3699951e-02
   5.3405762e-02
   1.3143921e-01
   8.9172363e-02
  -3.4820557e-02
  -1.2713623e-01
  -1.0327148e-01
   1.4953613e-02
   1.1923218e-01
   1.1431885e-01
   4.7607422e-03
  -1.0946655e-01
  -1.2359619e-01
  -2.4749756e-02
   9.6649170e-02
   1.2954712e-01
   4.3945313e-02
  -8.1848145e-02
  -1.3272095e-01
  -6.2042236e-02
   6.5551758e-02
   1.3323975e-01
   7.9376221e-02
  -4.6905518e-02
  -1.3000488e-01
  -9.3780518e-02
   2.8594971e-02
   1.2521362e-01
   1.0775757e-01
  -7.8430176e-03
  -1.1578369e-01
  -1.1724854e-01
  -1.0925293e-02
   1.0595703e-01
   1.2652588e-01
   3.1921387e-02
  -9.1186523e-02
  -1.3021851e-01
  -4.9316406e-02
   7.7423096e-02
   1.3415527e-01
   6.9030762e-02
  -5.8380127e-02
  -1.3140869e-01
  -8.3221436e-02
   4.2083740e-02
   1.3000488e-01
   1.0012817e-01
  -2.0263672e-02
  -1.2091064e-01
  -1.0968018e-01
   3.1738281e-03
   1.1434937e-01
   1.2228394e-01
   1.9683838e-02
  -9.9609375e-02
  -1.2634277e-01
  -3.6102295e-02
   8.8500977e-02
   1.3357544e-01
   5.7861328e-02
  -6.9427490e-02
  -1.3183594e-01
  -7.2204590e-02
   5.4809570e-02
   1.3314819e-01
   9.0942383e-02
  -3.3111572e-02
  -1.2545776e-01
  -1.0189819e-01
   1.6296387e-02
   1.2069702e-01
   1.1590576e-01
   6.2561035e-03
  -1.0800171e-01
  -1.2231445e-01
  -2.3559570e-02
   9.7625732e-02
   1.3064575e-01
   4.5104980e-02
  -8.0902100e-02
  -1.3192749e-01
  -6.1431885e-02
   6.6009521e-02
   1.3375854e-01
   7.9742432e-02
  -4.6691895e-02
  -1.3000488e-01
  -9.4024658e-02
   2.8289795e-02
   1.2472534e-01
   1.0711670e-01
  -8.4533691e-03
  -1.1669922e-01
  -1.1840820e-01
  -1.2207031e-02
   1.0452271e-01
   1.2503052e-01
   3.0334473e-02
  -9.2956543e-02
  -1.3214111e-01
  -5.1452637e-02
   7.5195313e-02
   1.3195801e-01
   6.6925049e-02
  -6.0516357e-02
  -1.3366699e-01
  -8.5540771e-02
   3.9794922e-02
   1.2771606e-01
   9.7991943e-02
  -2.2247314e-02
  -1.2295532e-01
  -1.1184692e-01
   9.1552734e-04
   1.1224365e-01
   1.2026978e-01
   1.7730713e-02
  -1.0159302e-01
  -1.2847900e-01
  -3.8269043e-02
   8.6425781e-02
   1.3156128e-01
   5.5877686e-02
  -7.1380615e-02
  -1.3385010e-01
