   7.9742432e-02
  -2.0687866e-01
  -2.5253296e-01
  -4.0893555e-03
   2.4920654e-01
   2.1240234e-01
  -7.1655273e-02
  -2.7215576e-01
  -1.5560913e-01
   1.4215088e-01
   2.7453613e-01
   8.7402344e-02
  -2.0147705e-01
  -2.5558472e-01
  -1.2023926e-02
   2.4575806e-01
   2.1743774e-01
  -6.3934326e-02
  -2.7072144e-01
  -1.6217041e-01
   1.3537598e-01
   2.7539063e-01
   9.4818115e-02
  -1.9604492e-01
  -2.5863647e-01
  -1.9927979e-02
   2.4197388e-01
   2.2222900e-01
  -5.6152344e-02
  -2.6910400e-01
  -1.6848755e-01
   1.2832642e-01
   2.7584839e-01
   1.0226440e-01
  -1.9030762e-01
  -2.6116943e-01
  -2.7832031e-02
   2.3797607e-01
   2.2686768e-01
  -4.8309326e-02
  -2.6715088e-01
  -1.7480469e-01
   1.2121582e-01
   2.7621460e-01
   1.0968018e-01
  -1.8444824e-01
  -2.6364136e-01
  -3.5766602e-02
   2.3385620e-01
   2.3129272e-01
  -4.0496826e-02
  -2.6504517e-01
  -1.8093872e-01
   1.1401367e-01
   2.7615356e-01
   1.1691284e-01
  -1.7846680e-01
  -2.6596069e-01
  -4.3701172e-02
   2.2952271e-01
   2.3553467e-01
  -3.2623291e-02
  -2.6272583e-01
  -1.8676758e-01
   1.0665894e-01
   2.7603149e-01
   1.2411499e-01
  -1.7236328e-01
  -2.6797485e-01
  -5.1513672e-02
   2.2500610e-01
   2.3962402e-01
  -2.4719238e-02
  -2.6016235e-01
  -1.9265747e-01
   9.9304199e-02
   2.7575684e-01
   1.3107300e-01
  -1.6598511e-01
  -2.6980591e-01
  -5.9326172e-02
   2.2036743e-01
   2.4337769e-01
  -1.6815186e-02
  -2.5741577e-01
  -1.9830322e-01
   9.1888428e-02
   2.7499390e-01
   1.3800049e-01
  -1.5960693e-01
  -2.7139282e-01
  -6.7077637e-02
   2.1527100e-01
   2.4713135e-01
  -8.8195801e-03
  -2.5445557e-01
  -2.0370483e-01
   8.4289551e-02
   2.7423096e-01
   1.4489746e-01
  -1.5307617e-01
  -2.7270508e-01
  -7.4829102e-02
   2.1035767e-01
   2.5061035e-01
  -8.2397461e-04
  -2.5119019e-01
  -2.0904541e-01
   7.6660156e-02
   2.7313232e-01
   1.5164185e-01
  -1.4630127e-01
  -2.7383423e-01
  -8.2366943e-02
   2.0504761e-01
   2.5375366e-01
   7.1105957e-03
  -2.4789429e-01
  -2.1414185e-01
   6.8939209e-02
   2.7185059e-01
   1.5823364e-01
  -1.3958740e-01
  -2.7465820e-01
  -8.9935303e-02
   1.9964600e-01
   2.5689697e-01
   1.4984131e-02
  -2.4423218e-01
  -2.1905518e-01
   6.1279297e-02
   2.7032471e-01
   1.6467285e-01
  -1.3259888e-01
  -2.7536011e-01
  -9.7351074e-02
   1.9415283e-01
   2.5964355e-01
   2.2918701e-02
  -2.4041748e-01
  -2.2378540e-01
   5.3466797e-02
   2.6849365e-01
   1.7098999e-01
  -1.2564087e-01
  -2.7581787e-01
  -1.0482788e-01
   1.8826294e-01
   2.6229858e-01
   3.0914307e-02
  -2.3638916e-01
  -2.2833252e-01
   4.5654297e-02
   2.6663208e-01
   1.7715454e-01
  -1.1843872e-01
  -2.7606201e-01
  -1.1221313e-01
   1.8243408e-01
   2.6464844e-01
   3.8787842e-02
  -2.3217773e-01
  -2.3272705e-01
   3.7811279e-02
   2.6437378e-01
   1.8319702e-01
  -1.1120605e-01
  -2.7606201e-01
  -1.1938477e-01
   1.7639160e-01
   2.6678467e-01
   4.6722412e-02
  -2.2775269e-01
  -2.3687744e-01
   2.9815674e-02
   2.6193237e-01
   1.8917847e-01
  -1.0388184e-01
  -2.7584839e-01
  -1.2649536e-01
   1.7016602e-01
   2.6876831e-01
   5.4504395e-02
  -2.2311401e-01
  -2.4087524e-01
   2.2003174e-02
   2.5939941e-01
   1.9488525e-01
  -9.6405029e-02
  -2.7532959e-01
  -1.3348389e-01
   1.6390991e-01
   2.7050781e-01
   6.2286377e-02
  -2.1841431e-01
  -2.4465942e-01
   1.4038086e-02
   2.5640869e-01
   2.0043945e-01
  -8.8989258e-02
  -2.7459717e-01
  -1.4044189e-01
   1.5731812e-01
   2.7209473e-01
   7.0007324e-02
  -2.1347046e-01
  -2.4826050e-01
   6.0424805e-03
   2.5344849e-01
   2.0578003e-01
  -8.1359863e-02
  -2.7368164e-01
  -1.4718628e-01
   1.5087891e-01
   2.7331543e-01
   7.7697754e-02
  -2.0828247e-01
  -2.5161743e-01
  -1.7700195e-03
   2.5012207e-01
   2.1099854e-01
  -7.3669434e-02
  -2.7252197e-01
  -1.5383911e-01
   1.4398193e-01
   2.7435303e-01
   8.5357666e-02
  -2.0291138e-01
  -2.5485229e-01
  -9.8266602e-03
   2.4670410e-01
   2.1609497e-01
  -6.6009521e-02
  -2.7114868e-01
  -1.6046143e-01
   1.3723755e-01
   2.7520752e-01
   9.2956543e-02
  -1.9741821e-01
  -2.5784302e-01
  -1.7730713e-02
   2.4304199e-01
   2.2094727e-01
  -5.8349609e-02
  -2.6953125e-01
  -1.6680908e-01
   1.3027954e-01
   2.7566528e-01
   1.0028076e-01
  -1.9186401e-01
  -2.6046753e-01
  -2.5726318e-02
   2.3904419e-01
   2.2570801e-01
  -5.0384521e-02
  -2.6760864e-01
  -1.7315674e-01
   1.2313843e-01
   2.7615356e-01
   1.0772705e-01
  -1.8603516e-01
  -2.6300049e-01
  -3.3630371e-02
   2.3507690e-01
   2.3019409e-01
  -4.2633057e-02
  -2.6562500e-01
  -1.7922974e-01
   1.1602783e-01
   2.7624512e-01
   1.1492920e-01
  -1.8014526e-01
  -2.6531982e-01
  -4.1473389e-02
   2.3071289e-01
   2.3437500e-01
  -3.4698486e-02
  -2.6336670e-01
  -1.8515015e-01
   1.0873413e-01
   2.7621460e-01
   1.2228394e-01
  -1.7395020e-01
  -2.6733398e-01
  -4.9346924e-02
   2.2631836e-01
   2.3861694e-01
  -2.6885986e-02
  -2.6083374e-01
  -1.9107056e-01
   1.0134888e-01
   2.7584839e-01
   1.2924194e-01
  -1.6766357e-01
  -2.6928711e-01
  -5.7128906e-02
   2.2164917e-01
   2.4246216e-01
  -1.8951416e-02
  -2.5814819e-01
  -1.9671631e-01
   9.3872070e-02
   2.7514648e-01
   1.3619995e-01
  -1.6134644e-01
  -2.7099609e-01
  -6.5002441e-02
   2.1673584e-01
   2.4618530e-01
  -1.0955811e-02
  -2.5524902e-01
  -2.0220947e-01
   8.6395264e-02
   2.7450562e-01
   1.4309692e-01
  -1.5481567e-01
  -2.7236938e-01
  -7.2631836e-02
   2.1182251e-01
   2.4966431e-01
  -2.9907227e-03
  -2.5210571e-01
  -2.0751953e-01
   7.8826904e-02
   2.7346802e-01
   1.4978027e-01
  -1.4816284e-01
  -2.7352905e-01
  -8.0261230e-02
   2.0651245e-01
   2.5289917e-01
   5.0048828e-03
  -2.4871826e-01
  -2.1267700e-01
   7.1105957e-02
   2.7227783e-01
   1.5655518e-01
  -1.4132690e-01
  -2.7447510e-01
  -8.7860107e-02
   2.0117188e-01
   2.5610352e-01
   1.2878418e-02
  -2.4520874e-01
  -2.1768188e-01
   6.3415527e-02
   2.7078247e-01
   1.6287231e-01
  -1.3449097e-01
  -2.7523804e-01
  -9.5367432e-02
   1.9561768e-01
   2.5894165e-01
   2.0812988e-02
  -2.4151611e-01
  -2.2250366e-01
   5.5603027e-02
   2.6904297e-01
   1.6931152e-01
  -1.2750244e-01
  -2.7575684e-01
  -1.0284424e-01
   1.8994141e-01
   2.6159668e-01
   2.8808594e-02
  -2.3751831e-01
  -2.2714233e-01
   4.7760010e-02
   2.6718140e-01
   1.7553711e-01
  -1.2042236e-01
  -2.7609253e-01
  -1.1026001e-01
   1.8408203e-01
   2.6400757e-01
   3.6621094e-02
  -2.3336792e-01
  -2.3159790e-01
   3.9886475e-02
   2.6489258e-01
   1.8148804e-01
  -1.1322021e-01
  -2.7612305e-01
  -1.1737061e-01
   1.7794800e-01
   2.6623535e-01
   4.4586182e-02
  -2.2894287e-01
  -2.3571777e-01
   3.2043457e-02
   2.6269531e-01
   1.8759155e-01
  -1.0586548e-01
  -2.7587891e-01
  -1.2457275e-01
   1.7187500e-01
   2.6834106e-01
   5.2337646e-02
  -2.2442627e-01
  -2.3986816e-01
   2.4139404e-02
   2.6010132e-01
   1.9326782e-01
  -9.8510742e-02
  -2.7551270e-01
  -1.3159180e-01
   1.6558838e-01
   2.6998901e-01
   6.0150146e-02
  -2.1975708e-01
  -2.4368286e-01
   1.6143799e-02
   2.5723267e-01
   1.9888306e-01
  -9.1003418e-02
  -2.7484131e-01
  -1.3858032e-01
   1.5914917e-01
   2.7166748e-01
   6.7871094e-02
  -2.1484375e-01
  -2.4731445e-01
   8.1787109e-03
   2.5430298e-01
   2.0431519e-01
  -8.3465576e-02
  -2.7401733e-01
  -1.4541626e-01
   1.5261841e-01
   2.7291870e-01
   7.5531006e-02
  -2.0974731e-01
  -2.5073242e-01
   3.0517578e-04
   2.5094604e-01
   2.0950317e-01
  -7.5866699e-02
  -2.7291870e-01
  -1.5213013e-01
   1.4578247e-01
   2.7407837e-01
   8.3251953e-02
  -2.0446777e-01
  -2.5390625e-01
  -7.6904297e-03
   2.4765015e-01
   2.1478271e-01
  -6.8115234e-02
  -2.7154541e-01
  -1.5866089e-01
   1.3909912e-01
   2.7502441e-01
   9.0850830e-02
  -1.9897461e-01
  -2.5698853e-01
  -1.5594482e-02
   2.4404907e-01
   2.1963501e-01
  -6.0394287e-02
  -2.6998901e-01
  -1.6503906e-01
   1.3214111e-01
   2.7560425e-01
   9.8297119e-02
  -1.9342041e-01
  -2.5979614e-01
  -2.3590088e-02
   2.4017334e-01
   2.2442627e-01
  -5.2551270e-02
  -2.6815796e-01
  -1.7138672e-01
   1.2512207e-01
   2.7603149e-01
   1.0565186e-01
  -1.8762207e-01
  -2.6245117e-01
  -3.1494141e-02
   2.3620605e-01
   2.2894287e-01
  -4.4769287e-02
  -2.6626587e-01
  -1.7755127e-01
   1.1798096e-01
   2.7618408e-01
   1.1294556e-01
  -1.8173218e-01
  -2.6467896e-01
  -3.9367676e-02
   2.3184204e-01
   2.3330688e-01
  -3.6834717e-02
  -2.6397705e-01
  -1.8362427e-01
   1.1065674e-01
   2.7621460e-01
   1.2026978e-01
  -1.7562866e-01
  -2.6693726e-01
  -4.7241211e-02
   2.2753906e-01
   2.3748779e-01
  -2.8991699e-02
  -2.6153564e-01
  -1.8948364e-01
   1.0336304e-01
   2.7597046e-01
   1.2728882e-01
  -1.6946411e-01
  -2.6882935e-01
  -5.5023193e-02
   2.2293091e-01
   2.4136353e-01
  -2.1087646e-02
  -2.5891113e-01
  -1.9519043e-01
   9.5886230e-02
   2.7539063e-01
   1.3430786e-01
  -1.6302490e-01
  -2.7047729e-01
  -6.2866211e-02
   2.1820068e-01
   2.4526978e-01
  -1.3122559e-02
  -2.5604248e-01
  -2.0068359e-01
   8.8439941e-02
   2.7478027e-01
   1.4123535e-01
  -1.5664673e-01
  -2.7200317e-01
  -7.0556641e-02
   2.1319580e-01
   2.4868774e-01
  -5.2490234e-03
  -2.5296021e-01
  -2.0620728e-01
   8.0871582e-02
   2.7374268e-01
   1.4794922e-01
  -1.5005493e-01
  -2.7325439e-01
  -7.8277588e-02
   2.0788574e-01
   2.5210571e-01
   2.8076172e-03
  -2.4969482e-01
  -2.1130371e-01
   7.3120117e-02
   2.7261353e-01
   1.5466309e-01
  -1.4328003e-01
  -2.7420044e-01
  -8.5845947e-02
   2.0266724e-01
   2.5527954e-01
   1.0742188e-02
  -2.4615479e-01
  -2.1643066e-01
   6.5521240e-02
   2.7117920e-01
   1.6119385e-01
  -1.3644409e-01
  -2.7505493e-01
  -9.3322754e-02
   1.9714355e-01
   2.5814819e-01
   1.8646240e-02
  -2.4255371e-01
  -2.2122192e-01
   5.7678223e-02
   2.6943970e-01
   1.6760254e-01
  -1.2942505e-01
  -2.7569580e-01
  -1.0083008e-01
   1.9152832e-01
   2.6095581e-01
   2.6641846e-02
  -2.3855591e-01
  -2.2595215e-01
   4.9896240e-02
   2.6770020e-01
   1.7376709e-01
  -1.2234497e-01
  -2.7606201e-01
  -1.0821533e-01
   1.8563843e-01
   2.6339722e-01
   3.4454346e-02
  -2.3458862e-01
  -2.3040771e-01
   4.2022705e-02
   2.6547241e-01
   1.7993164e-01
  -1.1514282e-01
  -2.7612305e-01
  -1.1547852e-01
   1.7962646e-01
   2.6571655e-01
   4.2388916e-02
  -2.3022461e-01
  -2.3474121e-01
   3.4149170e-02
   2.6333618e-01
   1.8594360e-01
  -1.0791016e-01
  -2.7600098e-01
  -1.2271118e-01
   1.7361450e-01
   2.6782227e-01
   5.0262451e-02
  -2.2576904e-01
  -2.3889160e-01
   2.6306152e-02
   2.6074219e-01
   1.9165039e-01
  -1.0055542e-01
  -2.7566528e-01
  -1.2976074e-01
   1.6720581e-01
   2.6956177e-01
   5.8013916e-02
  -2.2103882e-01
  -2.4261475e-01
   1.8280029e-02
   2.5808716e-01
   1.9741821e-01
  -9.3109131e-02
  -2.7511597e-01
  -1.3674927e-01
   1.6094971e-01
   2.7127075e-01
   6.5765381e-02
  -2.1612549e-01
  -2.4633789e-01
   1.0406494e-02
   2.5518799e-01
   2.0285034e-01
  -8.5479736e-02
  -2.7429199e-01
  -1.4355469e-01
   1.5441895e-01
   2.7261353e-01
   7.3455811e-02
  -2.1112061e-01
  -2.4984741e-01
   2.4414063e-03
   2.5189209e-01
   2.0819092e-01
  -7.7850342e-02
  -2.7319336e-01
  -1.5026855e-01
   1.4770508e-01
   2.7383423e-01
   8.1176758e-02
  -2.0590210e-01
  -2.5308228e-01
  -5.4931641e-03
   2.4862671e-01
   2.1331787e-01
  -7.0281982e-02
  -2.7194214e-01
  -1.5689087e-01
   1.4096069e-01
   2.7478027e-01
   8.8745117e-02
  -2.0059204e-01
  -2.5619507e-01
  -1.3458252e-02
   2.4505615e-01
   2.1823120e-01
  -6.2500000e-02
  -2.7050781e-01
  -1.6336060e-01
   1.3394165e-01
   2.7542114e-01
   9.6252441e-02
  -1.9500732e-01
  -2.5903320e-01
  -2.1484375e-02
   2.4124146e-01
   2.2314453e-01
  -5.4748535e-02
  -2.6876831e-01
  -1.6970825e-01
   1.2701416e-01
   2.7597046e-01
   1.0363770e-01
  -1.8927002e-01
  -2.6168823e-01
  -2.9388428e-02
   2.3724365e-01
   2.2766113e-01
  -4.6966553e-02
  -2.6681519e-01
  -1.7596436e-01
   1.1990356e-01
   2.7612305e-01
   1.1090088e-01
  -1.8341064e-01
  -2.6412964e-01
  -3.7231445e-02
   2.3297119e-01
   2.3217773e-01
  -3.9031982e-02
  -2.6464844e-01
  -1.8200684e-01
   1.1264038e-01
   2.7627563e-01
   1.1825562e-01
  -1.7733765e-01
  -2.6629639e-01
  -4.5104980e-02
   2.2879028e-01
   2.3635864e-01
  -3.1188965e-02
  -2.6223755e-01
  -1.8792725e-01
   1.0543823e-01
   2.7603149e-01
   1.2533569e-01
  -1.7120361e-01
  -2.6834106e-01
  -5.2978516e-02
   2.2412109e-01
   2.4026489e-01
  -2.3223877e-02
  -2.5964355e-01
  -1.9363403e-01
   9.7839355e-02
   2.7554321e-01
   1.3238525e-01
  -1.6488647e-01
  -2.7005005e-01
  -6.0699463e-02
   2.1939087e-01
   2.4417114e-01
  -1.5289307e-02
  -2.5683594e-01
  -1.9924927e-01
   9.0484619e-02
   2.7505493e-01
   1.3937378e-01
  -1.5832520e-01
  -2.7154541e-01
  -6.8481445e-02
   2.1453857e-01
   2.4777222e-01
  -7.3242188e-03
  -2.5381470e-01
  -2.0468140e-01
   8.2916260e-02
   2.7398682e-01
   1.4617920e-01
  -1.5173340e-01
  -2.7288818e-01
  -7.6080322e-02
   2.0935059e-01
   2.5125122e-01
   6.7138672e-04
  -2.5061035e-01
  -2.0996094e-01
   7.5286865e-02
   2.7294922e-01
   1.5286255e-01
  -1.4508057e-01
  -2.7395630e-01
  -8.3770752e-02
   2.0410156e-01
   2.5445557e-01
   8.6059570e-03
  -2.4713135e-01
  -2.1508789e-01
   6.7626953e-02
   2.7160645e-01
   1.5939331e-01
  -1.3836670e-01
  -2.7487183e-01
  -9.1247559e-02
   1.9866943e-01
   2.5732422e-01
   1.6510010e-02
  -2.4343872e-01
  -2.1987915e-01
   5.9844971e-02
   2.7011108e-01
   1.6595459e-01
  -1.3128662e-01
  -2.7545166e-01
  -9.8754883e-02
   1.9311523e-01
   2.6025391e-01
   2.4505615e-02
  -2.3962402e-01
  -2.2460938e-01
   5.2124023e-02
   2.6828003e-01
   1.7214966e-01
  -1.2423706e-01
  -2.7587891e-01
  -1.0614014e-01
   1.8728638e-01
   2.6278687e-01
   3.2379150e-02
  -2.3565674e-01
  -2.2912598e-01
   4.4311523e-02
   2.6617432e-01
   1.7834473e-01
  -1.1706543e-01
  -2.7600098e-01
  -1.1346436e-01
   1.8136597e-01
   2.6522827e-01
   4.0374756e-02
  -2.3126221e-01
  -2.3345947e-01
   3.6376953e-02
   2.6400757e-01
   1.8435669e-01
  -1.0986328e-01
  -2.7593994e-01
  -1.2072754e-01
   1.7538452e-01
   2.6724243e-01
   4.8095703e-02
  -2.2692871e-01
  -2.3764038e-01
   2.8533936e-02
   2.6156616e-01
   1.9012451e-01
  -1.0250854e-01
  -2.7569580e-01
  -1.2774658e-01
   1.6897583e-01
   2.6910400e-01
   5.5969238e-02
  -2.2232056e-01
  -2.4154663e-01
   2.0446777e-02
   2.5888062e-01
   1.9592285e-01
  -9.5092773e-02
  -2.7523804e-01
  -1.3476563e-01
   1.6268921e-01
   2.7087402e-01
   6.3751221e-02
  -2.1746826e-01
  -2.4533081e-01
   1.2573242e-02
   2.5598145e-01
   2.0138550e-01
  -8.7524414e-02
  -2.7450562e-01
  -1.4163208e-01
   1.5621948e-01
   2.7221680e-01
   7.1411133e-02
  -2.1243286e-01
  -2.4887085e-01
   4.6081543e-03
   2.5280762e-01
   2.0681763e-01
  -7.9956055e-02
  -2.7349854e-01
  -1.4843750e-01
   1.4959717e-01
   2.7355957e-01
   7.9162598e-02
  -2.0727539e-01
  -2.5216675e-01
  -3.2958984e-03
   2.4960327e-01
   2.1203613e-01
  -7.2296143e-02
  -2.7227783e-01
  -1.5509033e-01
   1.4288330e-01
   2.7453613e-01
   8.6669922e-02
  -2.0196533e-01
  -2.5537109e-01
  -1.1230469e-02
   2.4597168e-01
   2.1688843e-01
  -6.4605713e-02
  -2.7081299e-01
  -1.6162109e-01
   1.3589478e-01
   2.7523804e-01
   9.4268799e-02
  -1.9641113e-01
  -2.5820923e-01
  -1.9287109e-02
   2.4230957e-01
   2.2192383e-01
  -5.6823730e-02
  -2.6919556e-01
  -1.6802979e-01
   1.2899780e-01
   2.7590942e-01
   1.0171509e-01
  -1.9070435e-01
  -2.6095581e-01
  -2.7130127e-02
   2.3834229e-01
   2.2644043e-01
  -4.9011230e-02
  -2.6733398e-01
  -1.7425537e-01
   1.2185669e-01
   2.7615356e-01
   1.0903931e-01
  -1.8496704e-01
  -2.6339722e-01
  -3.5095215e-02
   2.3425293e-01
   2.3095703e-01
  -4.1168213e-02
  -2.6519775e-01
  -1.8035889e-01
   1.1471558e-01
   2.7630615e-01
   1.1636353e-01
  -1.7895508e-01
  -2.6568604e-01
  -4.2968750e-02
   2.2998047e-01
   2.3526001e-01
  -3.3203125e-02
  -2.6290894e-01
  -1.8621826e-01
   1.0742188e-01
   2.7612305e-01
   1.2341309e-01
  -1.7282104e-01
  -2.6776123e-01
  -5.0720215e-02
   2.2543335e-01
   2.3928833e-01
  -2.5299072e-02
  -2.6037598e-01
  -1.9207764e-01
   9.9945068e-02
   2.7572632e-01
   1.3064575e-01
  -1.6650391e-01
  -2.6959229e-01
  -5.8624268e-02
   2.2079468e-01
   2.4325562e-01
  -1.7456055e-02
  -2.5762939e-01
  -1.9772339e-01
   9.2498779e-02
   2.7517700e-01
   1.3745117e-01
  -1.6012573e-01
  -2.7114868e-01
  -6.6284180e-02
   2.1591187e-01
   2.4682617e-01
  -9.4604492e-03
  -2.5460815e-01
  -2.0312500e-01
   8.4991455e-02
   2.7426147e-01
   1.4434814e-01
  -1.5356445e-01
  -2.7261353e-01
  -7.4157715e-02
   2.1075439e-01
   2.5033569e-01
  -1.5563965e-03
  -2.5149536e-01
  -2.0849609e-01
   7.7362061e-02
   2.7325439e-01
   1.5109253e-01
  -1.4691162e-01
  -2.7371216e-01
  -8.1726074e-02
   2.0559692e-01
   2.5357056e-01
   6.4697266e-03
  -2.4804688e-01
  -2.1362305e-01
   6.9732666e-02
   2.7197266e-01
   1.5762329e-01
  -1.4013672e-01
  -2.7456665e-01
  -8.9233398e-02
   2.0019531e-01
   2.5659180e-01
   1.4404297e-02
  -2.4444580e-01
  -2.1850586e-01
   6.1920166e-02
   2.7047729e-01
   1.6418457e-01
  -1.3320923e-01
  -2.7532959e-01
  -9.6740723e-02
   1.9461060e-01
   2.5946045e-01
   2.2308350e-02
  -2.4066162e-01
  -2.2335815e-01
   5.4260254e-02
   2.6879883e-01
   1.7047119e-01
  -1.2615967e-01
  -2.7584839e-01
  -1.0409546e-01
   1.8887329e-01
   2.6208496e-01
   3.0212402e-02
  -2.3672485e-01
  -2.2790527e-01
   4.6386719e-02
   2.6672363e-01
