  -1.2142944e-01
  -2.3672485e-01
  -2.7728271e-01
  -2.3022461e-01
  -1.1041260e-01
   4.4128418e-02
   1.8478394e-01
   2.6702881e-01
   2.6473999e-01
   1.7871094e-01
   3.6193848e-02
  -1.1779785e-01
  -2.3452759e-01
  -2.7728271e-01
  -2.3245239e-01
  -1.1404419e-01
   4.0222168e-02
   1.8176270e-01
   2.6580811e-01
   2.6568604e-01
   1.8167114e-01
   4.0222168e-02
  -1.1419678e-01
  -2.3248291e-01
  -2.7731323e-01
  -2.3461914e-01
  -1.1782837e-01
   3.6254883e-02
   1.7868042e-01
   2.6467896e-01
   2.6702881e-01
   1.8475342e-01
   4.4128418e-02
  -1.1050415e-01
  -2.3028564e-01
  -2.7722168e-01
  -2.3666382e-01
  -1.2139893e-01
   3.2226563e-02
   1.7572021e-01
   2.6348877e-01
   2.6791382e-01
   1.8756104e-01
   4.7973633e-02
  -1.0678101e-01
  -2.2793579e-01
  -2.7713013e-01
  -2.3867798e-01
  -1.2496948e-01
   2.8320313e-02
   1.7260742e-01
   2.6214600e-01
   2.6889038e-01
   1.9064331e-01
   5.2001953e-02
  -1.0311890e-01
  -2.2564697e-01
  -2.7700806e-01
  -2.4081421e-01
  -1.2850952e-01
   2.4322510e-02
   1.6937256e-01
   2.6089478e-01
   2.6992798e-01
   1.9348145e-01
   5.5847168e-02
  -9.9487305e-02
  -2.2335815e-01
  -2.7670288e-01
  -2.4264526e-01
  -1.3201904e-01
   2.0355225e-02
   1.6629028e-01
   2.5955200e-01
   2.7066040e-01
   1.9628906e-01
   5.9844971e-02
  -9.5672607e-02
  -2.2088623e-01
  -2.7639771e-01
  -2.4459839e-01
  -1.3546753e-01
   1.6387939e-02
   1.6299438e-01
   2.5811768e-01
   2.7151489e-01
   1.9915771e-01
   6.3659668e-02
  -9.2010498e-02
  -2.1862793e-01
  -2.7612305e-01
  -2.4649048e-01
  -1.3900757e-01
   1.2359619e-02
   1.5982056e-01
   2.5659180e-01
   2.7221680e-01
   2.0178223e-01
   6.7535400e-02
  -8.8104248e-02
  -2.1603394e-01
  -2.7569580e-01
  -2.4826050e-01
  -1.4245605e-01
   8.4228516e-03
   1.5649414e-01
   2.5503540e-01
   2.7304077e-01
   2.0452881e-01
   7.1380615e-02
  -8.4411621e-02
  -2.1356201e-01
  -2.7526855e-01
  -2.5003052e-01
  -1.4578247e-01
   4.4250488e-03
   1.5316772e-01
   2.5347900e-01
   2.7365112e-01
   2.0718384e-01
   7.5256348e-02
  -8.0566406e-02
  -2.1096802e-01
  -2.7474976e-01
  -2.5164795e-01
  -1.4926147e-01
   4.2724609e-04
   1.4981079e-01
   2.5180054e-01
   2.7413940e-01
   2.0986938e-01
   7.9162598e-02
  -7.6782227e-02
  -2.0834351e-01
  -2.7423096e-01
  -2.5354004e-01
  -1.5258789e-01
  -3.6315918e-03
   1.4642334e-01
   2.5015259e-01
   2.7478027e-01
   2.1240234e-01
   8.2916260e-02
  -7.2906494e-02
  -2.0571899e-01
  -2.7352905e-01
  -2.5500488e-01
  -1.5591431e-01
  -7.5988770e-03
   1.4303589e-01
   2.4844360e-01
   2.7517700e-01
   2.1490479e-01
   8.6700439e-02
  -6.9061279e-02
  -2.0306396e-01
  -2.7285767e-01
  -2.5656128e-01
  -1.5927124e-01
  -1.1596680e-02
   1.3952637e-01
   2.4658203e-01
   2.7566528e-01
   2.1752930e-01
   9.0484619e-02
  -6.5124512e-02
  -2.0031738e-01
  -2.7218628e-01
  -2.5805664e-01
  -1.6247559e-01
  -1.5594482e-02
   1.3613892e-01
   2.4481201e-01
   2.7603149e-01
   2.1984863e-01
   9.4177246e-02
  -6.1340332e-02
  -1.9747925e-01
  -2.7136230e-01
  -2.5949097e-01
  -1.6574097e-01
  -1.9622803e-02
   1.3262939e-01
   2.4288940e-01
   2.7621460e-01
   2.2232056e-01
   9.7961426e-02
  -5.7403564e-02
  -1.9461060e-01
  -2.7047729e-01
  -2.6089478e-01
  -1.6882324e-01
  -2.3529053e-02
   1.2905884e-01
   2.4093628e-01
   2.7661133e-01
   2.2463989e-01
   1.0171509e-01
  -5.3436279e-02
  -1.9180298e-01
  -2.6953125e-01
  -2.6214600e-01
  -1.7202759e-01
  -2.7526855e-02
   1.2561035e-01
   2.3901367e-01
   2.7667236e-01
   2.2689819e-01
   1.0543823e-01
  -4.9530029e-02
  -1.8887329e-01
  -2.6858521e-01
  -2.6351929e-01
  -1.7514038e-01
  -3.1463623e-02
   1.2200928e-01
   2.3684692e-01
   2.7688599e-01
   2.2927856e-01
   1.0910034e-01
  -4.5623779e-02
  -1.8597412e-01
  -2.6757813e-01
  -2.6473999e-01
  -1.7828369e-01
  -3.5491943e-02
   1.1840820e-01
   2.3486328e-01
   2.7694702e-01
   2.3141479e-01
   1.1270142e-01
  -4.1656494e-02
  -1.8298340e-01
  -2.6647949e-01
  -2.6593018e-01
  -1.8133545e-01
  -3.9489746e-02
   1.1483765e-01
   2.3266602e-01
   2.7691650e-01
   2.3367310e-01
   1.1642456e-01
  -3.7719727e-02
  -1.7996216e-01
  -2.6531982e-01
  -2.6693726e-01
  -1.8420410e-01
  -4.3365479e-02
   1.1117554e-01
   2.3052979e-01
   2.7697754e-01
   2.3574829e-01
   1.2002563e-01
  -3.3691406e-02
  -1.7684937e-01
  -2.6406860e-01
  -2.6797485e-01
  -1.8719482e-01
  -4.7271729e-02
   1.0754395e-01
   2.2824097e-01
   2.7676392e-01
   2.3782349e-01
   1.2368774e-01
  -2.9724121e-02
  -1.7376709e-01
  -2.6281738e-01
  -2.6901245e-01
  -1.9015503e-01
  -5.1177979e-02
   1.0379028e-01
   2.2598267e-01
   2.7673340e-01
   2.3983765e-01
   1.2716675e-01
  -2.5787354e-02
  -1.7065430e-01
  -2.6162720e-01
  -2.6989746e-01
  -1.9302368e-01
  -5.5145264e-02
   1.0015869e-01
   2.2372437e-01
   2.7642822e-01
   2.4179077e-01
   1.3064575e-01
  -2.1820068e-02
  -1.6748047e-01
  -2.6028442e-01
  -2.7084351e-01
  -1.9598389e-01
  -5.9082031e-02
   9.6374512e-02
   2.2122192e-01
   2.7615356e-01
   2.4377441e-01
   1.3418579e-01
  -1.7791748e-02
  -1.6427612e-01
  -2.5894165e-01
  -2.7169800e-01
  -1.9866943e-01
  -6.2957764e-02
   9.2590332e-02
   2.1890259e-01
   2.7590942e-01
   2.4563599e-01
   1.3769531e-01
  -1.3854980e-02
  -1.6101074e-01
  -2.5738525e-01
  -2.7239990e-01
  -2.0144653e-01
  -6.6894531e-02
   8.8897705e-02
   2.1640015e-01
   2.7539063e-01
   2.4740601e-01
   1.4111328e-01
  -9.8266602e-03
  -1.5774536e-01
  -2.5588989e-01
  -2.7319336e-01
  -2.0422363e-01
  -7.0770264e-02
   8.4991455e-02
   2.1380615e-01
   2.7502441e-01
   2.4920654e-01
   1.4456177e-01
  -5.9204102e-03
  -1.5447998e-01
  -2.5427246e-01
  -2.7389526e-01
  -2.0690918e-01
  -7.4615479e-02
   8.1207275e-02
   2.1130371e-01
   2.7453613e-01
   2.5085449e-01
   1.4797974e-01
  -1.7700195e-03
  -1.5112305e-01
  -2.5265503e-01
  -2.7441406e-01
  -2.0953369e-01
  -7.8399658e-02
   7.7423096e-02
   2.0867920e-01
   2.7398682e-01
   2.5265503e-01
   1.5136719e-01
   2.1972656e-03
  -1.4776611e-01
  -2.5109863e-01
  -2.7502441e-01
  -2.1218872e-01
  -8.2275391e-02
   7.3577881e-02
   2.0602417e-01
   2.7337646e-01
   2.5418091e-01
   1.5460205e-01
   6.1035156e-03
  -1.4431763e-01
  -2.4926758e-01
  -2.7545166e-01
  -2.1463013e-01
  -8.6059570e-02
   6.9702148e-02
   2.0333862e-01
   2.7258301e-01
   2.5570679e-01
   1.5798950e-01
   1.0101318e-02
  -1.4093018e-01
  -2.4749756e-01
  -2.7600098e-01
  -2.1713257e-01
  -8.9843750e-02
   6.5795898e-02
   2.0071411e-01
   2.7200317e-01
   2.5723267e-01
   1.6116333e-01
   1.4099121e-02
  -1.3757324e-01
  -2.4569702e-01
  -2.7627563e-01
  -2.1960449e-01
  -9.3627930e-02
   6.1920166e-02
   1.9787598e-01
   2.7124023e-01
   2.5863647e-01
   1.6442871e-01
   1.8096924e-02
  -1.3403320e-01
  -2.4377441e-01
  -2.7664185e-01
  -2.2210693e-01
  -9.7351074e-02
   5.8105469e-02
   1.9497681e-01
   2.7032471e-01
   2.6013184e-01
   1.6757202e-01
   2.2003174e-02
  -1.3055420e-01
  -2.4194336e-01
  -2.7694702e-01
  -2.2445679e-01
  -1.0116577e-01
   5.4077148e-02
   1.9216919e-01
   2.6940918e-01
   2.6135254e-01
   1.7077637e-01
   2.6031494e-02
  -1.2701416e-01
  -2.3989868e-01
  -2.7709961e-01
  -2.2677612e-01
  -1.0482788e-01
   5.0231934e-02
   1.8933105e-01
   2.6840210e-01
   2.6269531e-01
   1.7391968e-01
   2.9998779e-02
  -1.2344360e-01
  -2.3794556e-01
  -2.7731323e-01
  -2.2906494e-01
  -1.0855103e-01
   4.6264648e-02
   1.8637085e-01
   2.6748657e-01
   2.6397705e-01
   1.7694092e-01
   3.3996582e-02
  -1.1978149e-01
  -2.3577881e-01
  -2.7731323e-01
  -2.3123169e-01
  -1.1215210e-01
   4.2388916e-02
   1.8334961e-01
   2.6635742e-01
   2.6519775e-01
   1.8008423e-01
   3.7994385e-02
  -1.1618042e-01
  -2.3364258e-01
  -2.7728271e-01
  -2.3342896e-01
  -1.1575317e-01
   3.8391113e-02
   1.8035889e-01
   2.6531982e-01
   2.6638794e-01
   1.8310547e-01
   4.1961670e-02
  -1.1251831e-01
  -2.3150635e-01
  -2.7731323e-01
  -2.3553467e-01
  -1.1941528e-01
   3.4454346e-02
   1.7739868e-01
   2.6422119e-01
   2.6733398e-01
   1.8606567e-01
   4.5898438e-02
  -1.0879517e-01
  -2.2924805e-01
  -2.7719116e-01
  -2.3757935e-01
  -1.2292480e-01
   3.0548096e-02
   1.7422485e-01
   2.6287842e-01
   2.6843262e-01
   1.8905640e-01
   4.9835205e-02
  -1.0513306e-01
  -2.2695923e-01
  -2.7709961e-01
  -2.3965454e-01
  -1.2658691e-01
   2.6458740e-02
   1.7114258e-01
   2.6165771e-01
   2.6934814e-01
   1.9189453e-01
   5.3710938e-02
  -1.0147095e-01
  -2.2467041e-01
  -2.7685547e-01
  -2.4169922e-01
  -1.3012695e-01
   2.2521973e-02
   1.6796875e-01
   2.6025391e-01
   2.7023315e-01
   1.9479370e-01
   5.7678223e-02
  -9.7747803e-02
  -2.2229004e-01
  -2.7670288e-01
  -2.4362183e-01
  -1.3357544e-01
   1.8524170e-02
   1.6470337e-01
   2.5894165e-01
   2.7117920e-01
   1.9750977e-01
   6.1492920e-02
  -9.4055176e-02
  -2.1990967e-01
  -2.7630615e-01
  -2.4554443e-01
  -1.3711548e-01
   1.4526367e-02
   1.6152954e-01
   2.5747681e-01
   2.7178955e-01
   2.0031738e-01
   6.5429688e-02
  -9.0209961e-02
  -2.1737671e-01
  -2.7590942e-01
  -2.4734497e-01
  -1.4056396e-01
   1.0620117e-02
   1.5826416e-01
   2.5598145e-01
   2.7267456e-01
   2.0309448e-01
   6.9305420e-02
  -8.6395264e-02
  -2.1496582e-01
  -2.7551270e-01
  -2.4911499e-01
  -1.4401245e-01
   6.5612793e-03
   1.5499878e-01
   2.5436401e-01
   2.7328491e-01
   2.0571899e-01
   7.3120117e-02
  -8.2550049e-02
  -2.1237183e-01
  -2.7502441e-01
  -2.5079346e-01
  -1.4733887e-01
   2.6245117e-03
   1.5170288e-01
   2.5274658e-01
   2.7386475e-01
   2.0846558e-01
   7.7056885e-02
  -7.8765869e-02
  -2.0974731e-01
  -2.7453613e-01
  -2.5247192e-01
  -1.5066528e-01
  -1.4038086e-03
   1.4828491e-01
   2.5119019e-01
   2.7450562e-01
   2.1105957e-01
   8.0841064e-02
  -7.5012207e-02
  -2.0715332e-01
  -2.7386475e-01
  -2.5408936e-01
  -1.5402222e-01
  -5.3405762e-03
   1.4498901e-01
   2.4945068e-01
   2.7490234e-01
   2.1356201e-01
   8.4686279e-02
  -7.1075439e-02
  -2.0443726e-01
  -2.7322388e-01
  -2.5570679e-01
  -1.5740967e-01
  -9.3688965e-03
   1.4157104e-01
   2.4771118e-01
   2.7551270e-01
   2.1615601e-01
   8.8500977e-02
  -6.7199707e-02
  -2.0172119e-01
  -2.7249146e-01
  -2.5720215e-01
  -1.6067505e-01
  -1.3305664e-02
   1.3812256e-01
   2.4578857e-01
   2.7578735e-01
   2.1856689e-01
   9.2254639e-02
  -6.3323975e-02
  -1.9891357e-01
  -2.7169800e-01
  -2.5869751e-01
  -1.6390991e-01
  -1.7364502e-02
   1.3461304e-01
   2.4392700e-01
   2.7618408e-01
   2.2106934e-01
   9.6008301e-02
  -5.9448242e-02
  -1.9622803e-01
  -2.7093506e-01
  -2.6007080e-01
  -1.6711426e-01
  -2.1362305e-02
   1.3104248e-01
   2.4209595e-01
   2.7645874e-01
   2.2344971e-01
   9.9700928e-02
  -5.5541992e-02
  -1.9329834e-01
  -2.7005005e-01
  -2.6141357e-01
  -1.7025757e-01
  -2.5329590e-02
   1.2759399e-01
   2.4008179e-01
   2.7664185e-01
   2.2576904e-01
   1.0351563e-01
  -5.1605225e-02
  -1.9042969e-01
  -2.6910400e-01
  -2.6272583e-01
  -1.7337036e-01
  -2.9296875e-02
   1.2399292e-01
   2.3809814e-01
   2.7688599e-01
   2.2808838e-01
   1.0720825e-01
  -4.7698975e-02
  -1.8750000e-01
  -2.6809692e-01
  -2.6394653e-01
  -1.7642212e-01
  -3.3233643e-02
   1.2048340e-01
   2.3608398e-01
   2.7697754e-01
   2.3025513e-01
   1.1083984e-01
  -4.3701172e-02
  -1.8450928e-01
  -2.6699829e-01
  -2.6513672e-01
  -1.7956543e-01
  -3.7231445e-02
   1.1688232e-01
   2.3385620e-01
   2.7700806e-01
   2.3257446e-01
   1.1450195e-01
  -3.9794922e-02
  -1.8151855e-01
  -2.6593018e-01
  -2.6632690e-01
  -1.8255615e-01
  -4.1137695e-02
   1.1322021e-01
   2.3184204e-01
   2.7706909e-01
   2.3464966e-01
   1.1801147e-01
  -3.5858154e-02
  -1.7849731e-01
  -2.6473999e-01
  -2.6742554e-01
  -1.8557739e-01
  -4.5104980e-02
   1.0961914e-01
   2.2952271e-01
   2.7694702e-01
   2.3675537e-01
   1.2167358e-01
  -3.1860352e-02
  -1.7544556e-01
  -2.6354980e-01
  -2.6846313e-01
  -1.8847656e-01
  -4.9041748e-02
   1.0583496e-01
   2.2729492e-01
   2.7682495e-01
   2.3880005e-01
   1.2521362e-01
  -2.7923584e-02
  -1.7236328e-01
  -2.6229858e-01
  -2.6947021e-01
  -1.9143677e-01
  -5.2978516e-02
   1.0217285e-01
   2.2503662e-01
   2.7661133e-01
   2.4075317e-01
   1.2884521e-01
  -2.3925781e-02
  -1.6912842e-01
  -2.6095581e-01
  -2.7032471e-01
  -1.9427490e-01
  -5.6854248e-02
   9.8419189e-02
   2.2253418e-01
   2.7642822e-01
   2.4282837e-01
   1.3235474e-01
  -1.9927979e-02
  -1.6598511e-01
  -2.5961304e-01
  -2.7117920e-01
  -1.9714355e-01
  -6.0882568e-02
   9.4635010e-02
   2.2027588e-01
   2.7612305e-01
   2.4459839e-01
   1.3577271e-01
  -1.5960693e-02
  -1.6275024e-01
  -2.5817871e-01
  -2.7194214e-01
  -1.9995117e-01
  -6.4697266e-02
   9.0972900e-02
   2.1777344e-01
   2.7563477e-01
   2.4652100e-01
   1.3934326e-01
  -1.1993408e-02
  -1.5948486e-01
  -2.5662231e-01
  -2.7276611e-01
  -2.0263672e-01
  -6.8572998e-02
   8.7097168e-02
   2.1530151e-01
   2.7539063e-01
   2.4829102e-01
   1.4270020e-01
  -8.0566406e-03
  -1.5628052e-01
  -2.5512695e-01
  -2.7343750e-01
  -2.0541382e-01
  -7.2479248e-02
   8.3404541e-02
   2.1279907e-01
   2.7481079e-01
   2.4996948e-01
   1.4617920e-01
  -3.9367676e-03
  -1.5289307e-01
  -2.5354004e-01
  -2.7413940e-01
  -2.0806885e-01
  -7.6293945e-02
   7.9498291e-02
   2.1011353e-01
   2.7432251e-01
   2.5173950e-01
   1.4947510e-01
  -6.1035156e-05
  -1.4962769e-01
  -2.5186157e-01
  -2.7462769e-01
  -2.1066284e-01
  -8.0078125e-02
   7.5744629e-02
   2.0755005e-01
   2.7374268e-01
   2.5332642e-01
   1.5283203e-01
   4.0283203e-03
  -1.4614868e-01
  -2.5021362e-01
  -2.7508545e-01
  -2.1319580e-01
  -8.3953857e-02
   7.1899414e-02
   2.0480347e-01
   2.7307129e-01
   2.5494385e-01
   1.5615845e-01
   7.9650879e-03
  -1.4279175e-01
  -2.4850464e-01
  -2.7569580e-01
  -2.1578979e-01
  -8.7768555e-02
   6.7932129e-02
   2.0211792e-01
   2.7239990e-01
   2.5650024e-01
   1.5939331e-01
   1.1962891e-02
  -1.3931274e-01
  -2.4661255e-01
  -2.7603149e-01
  -2.1823120e-01
  -9.1522217e-02
   6.4056396e-02
   1.9940186e-01
   2.7160645e-01
   2.5787354e-01
   1.6271973e-01
   1.5930176e-02
  -1.3589478e-01
  -2.4481201e-01
  -2.7645874e-01
  -2.2076416e-01
  -9.5214844e-02
   6.0180664e-02
   1.9656372e-01
   2.7084351e-01
   2.5939941e-01
   1.6583252e-01
   1.9897461e-02
  -1.3241577e-01
  -2.4291992e-01
  -2.7667236e-01
  -2.2308350e-01
  -9.8999023e-02
   5.6335449e-02
   1.9381714e-01
   2.6989746e-01
   2.6068115e-01
   1.6906738e-01
   2.3925781e-02
  -1.2887573e-01
  -2.4087524e-01
  -2.7694702e-01
  -2.2546387e-01
  -1.0275269e-01
   5.2398682e-02
   1.9082642e-01
   2.6898193e-01
   2.6211548e-01
   1.7227173e-01
   2.7893066e-02
  -1.2533569e-01
  -2.3892212e-01
  -2.7713013e-01
  -2.2766113e-01
  -1.0641479e-01
   4.8461914e-02
   1.8801880e-01
   2.6812744e-01
   2.6339722e-01
   1.7529297e-01
   3.1860352e-02
  -1.2170410e-01
  -2.3687744e-01
  -2.7713013e-01
  -2.2998047e-01
  -1.1007690e-01
   4.4616699e-02
   1.8505859e-01
   2.6696777e-01
   2.6458740e-01
   1.7849731e-01
   3.5919189e-02
  -1.1807251e-01
  -2.3471069e-01
  -2.7725220e-01
  -2.3214722e-01
  -1.1373901e-01
   4.0618896e-02
   1.8212891e-01
   2.6602173e-01
   2.6574707e-01
   1.8148804e-01
   3.9825439e-02
  -1.1447144e-01
  -2.3257446e-01
  -2.7722168e-01
  -2.3434448e-01
  -1.1734009e-01
   3.6682129e-02
   1.7907715e-01
   2.6486206e-01
   2.6678467e-01
   1.8457031e-01
   4.3823242e-02
  -1.1077881e-01
  -2.3034668e-01
  -2.7719116e-01
  -2.3648071e-01
  -1.2097168e-01
   3.2745361e-02
   1.7590332e-01
   2.6361084e-01
   2.6797485e-01
   1.8743896e-01
   4.7698975e-02
  -1.0714722e-01
  -2.2821045e-01
  -2.7706909e-01
  -2.3846436e-01
  -1.2460327e-01
   2.8656006e-02
   1.7285156e-01
   2.6229858e-01
   2.6876831e-01
   1.9021606e-01
   5.1574707e-02
  -1.0345459e-01
  -2.2589111e-01
  -2.7694702e-01
  -2.4060059e-01
  -1.2814331e-01
   2.4780273e-02
   1.6973877e-01
   2.6098633e-01
   2.6980591e-01
   1.9323730e-01
   5.5541992e-02
  -9.9731445e-02
  -2.2354126e-01
  -2.7679443e-01
  -2.4255371e-01
  -1.3174438e-01
   2.0721436e-02
   1.6650391e-01
   2.5964355e-01
   2.7062988e-01
   1.9598389e-01
   5.9387207e-02
  -9.6038818e-02
  -2.2122192e-01
  -2.7645874e-01
  -2.4441528e-01
  -1.3519287e-01
   1.6784668e-02
   1.6333008e-01
   2.5817871e-01
   2.7142334e-01
   1.9885254e-01
   6.3323975e-02
  -9.2285156e-02
  -2.1878052e-01
  -2.7618408e-01
  -2.4636841e-01
  -1.3870239e-01
   1.2756348e-02
   1.6006470e-01
   2.5680542e-01
   2.7233887e-01
   2.0162964e-01
   6.7169189e-02
  -8.8531494e-02
  -2.1627808e-01
  -2.7575684e-01
  -2.4813843e-01
  -1.4215088e-01
   8.7890625e-03
   1.5686035e-01
   2.5527954e-01
   2.7291870e-01
   2.0428467e-01
   7.1105957e-02
  -8.4655762e-02
  -2.1374512e-01
  -2.7520752e-01
  -2.4981689e-01
  -1.4550781e-01
   4.8522949e-03
   1.5353394e-01
   2.5372314e-01
   2.7362061e-01
   2.0703125e-01
   7.4981689e-02
  -8.0841064e-02
  -2.1112061e-01
  -2.7468872e-01
  -2.5155640e-01
  -1.4886475e-01
   7.9345703e-04
   1.5023804e-01
   2.5213623e-01
   2.7423096e-01
   2.0965576e-01
   7.8765869e-02
  -7.6965332e-02
  -2.0852661e-01
  -2.7416992e-01
  -2.5311279e-01
  -1.5225220e-01
  -3.1433105e-03
   1.4688110e-01
   2.5036621e-01
   2.7474976e-01
   2.1228027e-01
   8.2641602e-02
  -7.3150635e-02
  -2.0587158e-01
  -2.7352905e-01
  -2.5479126e-01
  -1.5548706e-01
  -7.1411133e-03
   1.4346313e-01
   2.4868774e-01
   2.7526855e-01
   2.1487427e-01
   8.6456299e-02
