  -2.3123169e-01
  -2.7349854e-01
  -1.8280029e-01
  -3.3264160e-03
   1.7776489e-01
   2.7236938e-01
   2.3452759e-01
   8.2489014e-02
  -1.0964966e-01
  -2.4853516e-01
  -2.6654053e-01
  -1.5490723e-01
   3.1982422e-02
   2.0321655e-01
   2.7566528e-01
   2.1401978e-01
   4.8095703e-02
  -1.4114380e-01
  -2.6187134e-01
  -2.5527954e-01
  -1.2460327e-01
   6.6650391e-02
   2.2531128e-01
   2.7435303e-01
   1.9000244e-01
   1.3061523e-02
  -1.7028809e-01
  -2.7078247e-01
  -2.3971558e-01
  -9.2102051e-02
   1.0034180e-01
   2.4380493e-01
   2.6873779e-01
   1.6284180e-01
  -2.2277832e-02
  -1.9662476e-01
  -2.7542114e-01
  -2.2024536e-01
  -5.8135986e-02
   1.3235474e-01
   2.5830078e-01
   2.5857544e-01
   1.3314819e-01
  -5.7220459e-02
  -2.1975708e-01
  -2.7545166e-01
  -1.9726563e-01
  -2.3193359e-02
   1.6213989e-01
   2.6849365e-01
   2.4423218e-01
   1.0113525e-01
  -9.1278076e-02
  -2.3922729e-01
  -2.7102661e-01
  -1.7102051e-01
   1.2115479e-02
   1.8933105e-01
   2.7435303e-01
   2.2592163e-01
   6.7535400e-02
  -1.2377930e-01
  -2.5491333e-01
  -2.6214600e-01
  -1.4193726e-01
   4.7271729e-02
   2.1343994e-01
   2.7572632e-01
   2.0388794e-01
   3.2836914e-02
  -1.5417480e-01
  -2.6626587e-01
  -2.4893188e-01
  -1.1047363e-01
   8.1542969e-02
   2.3406982e-01
   2.7252197e-01
   1.7843628e-01
  -2.4108887e-03
  -1.8225098e-01
  -2.7337646e-01
  -2.3162842e-01
  -7.7453613e-02
   1.1453247e-01
   2.5076294e-01
   2.6486206e-01
   1.5020752e-01
  -3.7628174e-02
  -2.0718384e-01
  -2.7600098e-01
  -2.1066284e-01
  -4.2907715e-02
   1.4566040e-01
   2.6336670e-01
   2.5292969e-01
   1.1938477e-01
  -7.2265625e-02
  -2.2882080e-01
  -2.7407837e-01
  -1.8615723e-01
  -7.7819824e-03
   1.7434692e-01
   2.7166748e-01
   2.3678589e-01
   8.6639404e-02
  -1.0571289e-01
  -2.4661255e-01
  -2.6763916e-01
  -1.5863037e-01
   2.7465820e-02
   2.0019531e-01
   2.7551270e-01
   2.1676636e-01
   5.2459717e-02
  -1.3729858e-01
  -2.6040649e-01
  -2.5689697e-01
  -1.2844849e-01
   6.2377930e-02
   2.2280884e-01
   2.7490234e-01
   1.9317627e-01
   1.7486572e-02
  -1.6668701e-01
  -2.6992798e-01
  -2.4191284e-01
  -9.6191406e-02
   9.6130371e-02
   2.4169922e-01
   2.6971436e-01
   1.6647339e-01
  -1.7852783e-02
  -1.9348145e-01
  -2.7505493e-01
  -2.2299194e-01
  -6.2377930e-02
   1.2838745e-01
   2.5659180e-01
   2.6016235e-01
   1.3699341e-01
  -5.2825928e-02
  -2.1701050e-01
  -2.7572632e-01
  -2.0031738e-01
  -2.7557373e-02
   1.5856934e-01
   2.6745605e-01
   2.4630737e-01
   1.0528564e-01
  -8.6975098e-02
  -2.3699951e-01
  -2.7175903e-01
  -1.7437744e-01
   7.7514648e-03
   1.8606567e-01
   2.7383423e-01
   2.2848511e-01
   7.1868896e-02
  -1.1975098e-01
  -2.5305176e-01
  -2.6345825e-01
  -1.4569092e-01
   4.2938232e-02
   2.1060181e-01
   2.7569580e-01
   2.0681763e-01
   3.7261963e-02
  -1.5051270e-01
  -2.6513672e-01
  -2.5085449e-01
  -1.1456299e-01
   7.7331543e-02
   2.3159790e-01
   2.7310181e-01
   1.8170166e-01
   2.0141602e-03
  -1.7877197e-01
  -2.7273560e-01
  -2.3403931e-01
  -8.1573486e-02
   1.1053467e-01
   2.4887085e-01
   2.6608276e-01
   1.5386963e-01
  -3.3203125e-02
  -2.0419312e-01
  -2.7587891e-01
  -2.1347046e-01
  -4.7241211e-02
   1.4190674e-01
   2.6199341e-01
   2.5460815e-01
   1.2338257e-01
  -6.7932129e-02
  -2.2622681e-01
  -2.7453613e-01
  -1.8933105e-01
  -1.2145996e-02
   1.7102051e-01
   2.7081299e-01
   2.3898315e-01
   9.0820313e-02
  -1.0156250e-01
  -2.4447632e-01
  -2.6876831e-01
  -1.6223145e-01
   2.3132324e-02
   1.9717407e-01
   2.7526855e-01
   2.1942139e-01
   5.6823730e-02
  -1.3348389e-01
  -2.5888062e-01
  -2.5839233e-01
  -1.3232422e-01
   5.8013916e-02
   2.2024536e-01
   2.7520752e-01
   1.9631958e-01
   2.1850586e-02
  -1.6323853e-01
  -2.6892090e-01
  -2.4398804e-01
  -1.0034180e-01
   9.2010498e-02
   2.3962402e-01
   2.7059937e-01
   1.6989136e-01
  -1.3488770e-02
  -1.9030762e-01
  -2.7471924e-01
  -2.2549438e-01
  -6.6711426e-02
   1.2448120e-01
   2.5521851e-01
   2.6162720e-01
   1.4080811e-01
  -4.8431396e-02
  -2.1423340e-01
  -2.7587891e-01
  -2.0330811e-01
  -3.1982422e-02
   1.5487671e-01
   2.6635742e-01
   2.4829102e-01
   1.0940552e-01
  -8.2824707e-02
  -2.3480225e-01
  -2.7261353e-01
  -1.7788696e-01
   3.2958984e-03
   1.8273926e-01
   2.7328491e-01
   2.3092651e-01
   7.6110840e-02
  -1.1566162e-01
  -2.5134277e-01
  -2.6477051e-01
  -1.4944458e-01
   3.8513184e-02
   2.0758057e-01
   2.7572632e-01
   2.0983887e-01
   4.1717529e-02
  -1.4669800e-01
  -2.6382446e-01
  -2.5265503e-01
  -1.1856079e-01
   7.3089600e-02
   2.2903442e-01
   2.7371216e-01
   1.8515015e-01
   6.4697266e-03
  -1.7538452e-01
  -2.7203369e-01
  -2.3638916e-01
  -8.5815430e-02
   1.0647583e-01
   2.4685669e-01
   2.6705933e-01
   1.5747070e-01
  -2.8778076e-02
  -2.0108032e-01
  -2.7569580e-01
  -2.1621704e-01
  -5.1574707e-02
   1.3812256e-01
   2.6052856e-01
   2.5625610e-01
   1.2738037e-01
  -6.3568115e-02
  -2.2360229e-01
  -2.7499390e-01
  -1.9256592e-01
  -1.6632080e-02
   1.6744995e-01
   2.6989746e-01
   2.4105835e-01
   9.5001221e-02
  -9.7412109e-02
  -2.4246216e-01
  -2.6968384e-01
  -1.6583252e-01
   1.8707275e-02
   1.9403076e-01
   2.7490234e-01
   2.2195435e-01
   6.1096191e-02
  -1.2960815e-01
  -2.5729370e-01
  -2.5997925e-01
  -1.3626099e-01
   5.3741455e-02
   2.1752930e-01
   2.7539063e-01
   1.9931030e-01
   2.6245117e-02
  -1.5966797e-01
  -2.6797485e-01
  -2.4606323e-01
  -1.0452271e-01
   8.7829590e-02
   2.3742676e-01
   2.7145386e-01
   1.7337036e-01
  -9.0026855e-03
  -1.8704224e-01
  -2.7423096e-01
  -2.2802734e-01
  -7.0922852e-02
   1.2054443e-01
   2.5341797e-01
   2.6296997e-01
   1.4459229e-01
  -4.4158936e-02
  -2.1142578e-01
  -2.7590942e-01
  -2.0626831e-01
  -3.6346436e-02
   1.5124512e-01
   2.6522827e-01
   2.5021362e-01
   1.1343384e-01
  -7.8582764e-02
  -2.3236084e-01
  -2.7316284e-01
  -1.8115234e-01
  -1.1901855e-03
   1.7944336e-01
   2.7273560e-01
   2.3330688e-01
   8.0383301e-02
  -1.1169434e-01
  -2.4948120e-01
  -2.6599121e-01
  -1.5316772e-01
   3.4057617e-02
   2.0468140e-01
   2.7575684e-01
   2.1261597e-01
   4.5989990e-02
  -1.4303589e-01
  -2.6257324e-01
  -2.5439453e-01
  -1.2258911e-01
   6.8695068e-02
   2.2662354e-01
   2.7429199e-01
   1.8841553e-01
   1.0833740e-02
  -1.7199707e-01
  -2.7130127e-01
  -2.3867798e-01
  -9.0026855e-02
   1.0232544e-01
   2.4484253e-01
   2.6828003e-01
   1.6113281e-01
  -2.4414063e-02
  -1.9815063e-01
  -2.7557373e-01
  -2.1899414e-01
  -5.5999756e-02
   1.3418579e-01
   2.5900269e-01
   2.5790405e-01
   1.3119507e-01
  -5.9356689e-02
  -2.2100830e-01
  -2.7529907e-01
  -1.9573975e-01
  -2.0965576e-02
   1.6381836e-01
   2.6901245e-01
   2.4331665e-01
   9.9151611e-02
  -9.3292236e-02
  -2.4038696e-01
  -2.7062988e-01
  -1.6934204e-01
   1.4312744e-02
   1.9085693e-01
   2.7450562e-01
   2.2473145e-01
   6.5521240e-02
  -1.2561035e-01
  -2.5567627e-01
  -2.6147461e-01
  -1.4019775e-01
   4.9346924e-02
   2.1469116e-01
   2.7551270e-01
   2.0242310e-01
   3.0731201e-02
  -1.5594482e-01
  -2.6681519e-01
  -2.4792480e-01
  -1.0855103e-01
   8.3740234e-02
   2.3507690e-01
   2.7215576e-01
   1.7681885e-01
  -4.5166016e-03
  -1.8374634e-01
  -2.7359009e-01
  -2.3043823e-01
  -7.5256348e-02
   1.1654663e-01
   2.5161743e-01
   2.6419067e-01
   1.4834595e-01
  -3.9703369e-02
  -2.0852661e-01
  -2.7593994e-01
  -2.0916748e-01
  -4.0710449e-02
   1.4758301e-01
   2.6400757e-01
   2.5198364e-01
   1.1740112e-01
  -7.4340820e-02
  -2.2994995e-01
  -2.7377319e-01
  -1.8453979e-01
  -5.5236816e-03
   1.7605591e-01
   2.7203369e-01
   2.3562622e-01
   8.4533691e-02
  -1.0763550e-01
  -2.4755859e-01
  -2.6712036e-01
  -1.5679932e-01
   2.9724121e-02
   2.0184326e-01
   2.7560425e-01
   2.1533203e-01
   5.0354004e-02
  -1.3925171e-01
  -2.6116943e-01
  -2.5610352e-01
  -1.2658691e-01
   6.4514160e-02
   2.2412109e-01
   2.7471924e-01
   1.9158936e-01
   1.5289307e-02
  -1.6845703e-01
  -2.7038574e-01
  -2.4081421e-01
  -9.4207764e-02
   9.8205566e-02
   2.4285889e-01
   2.6922607e-01
   1.6470337e-01
  -1.9989014e-02
  -1.9503784e-01
  -2.7517700e-01
  -2.2158813e-01
  -6.0302734e-02
   1.3027954e-01
   2.5753784e-01
   2.5946045e-01
   1.3516235e-01
  -5.4962158e-02
  -2.1838379e-01
  -2.7560425e-01
  -1.9882202e-01
  -2.5451660e-02
   1.6027832e-01
   2.6809692e-01
   2.4533081e-01
   1.0327148e-01
  -8.9080811e-02
  -2.3815918e-01
  -2.7142334e-01
  -1.7269897e-01
   9.8571777e-03
   1.8762207e-01
   2.7416992e-01
   2.2726440e-01
   6.9793701e-02
  -1.2170410e-01
  -2.5399780e-01
  -2.6284790e-01
  -1.4382935e-01
   4.5043945e-02
   2.1191406e-01
   2.7584839e-01
   2.0550537e-01
   3.5125732e-02
  -1.5225220e-01
  -2.6568604e-01
  -2.4996948e-01
  -1.1251831e-01
   7.9437256e-02
   2.3266602e-01
   2.7282715e-01
   1.8023682e-01
  -1.2207031e-04
  -1.8041992e-01
  -2.7304077e-01
  -2.3287964e-01
  -7.9467773e-02
   1.1251831e-01
   2.4972534e-01
   2.6550293e-01
   1.5213013e-01
  -3.5369873e-02
  -2.0559692e-01
  -2.7593994e-01
  -2.1212769e-01
  -4.5074463e-02
   1.4379883e-01
   2.6257324e-01
   2.5372314e-01
   1.2152100e-01
  -7.0007324e-02
  -2.2738647e-01
  -2.7426147e-01
  -1.8780518e-01
  -9.9487305e-03
   1.7263794e-01
   2.7117920e-01
   2.3785400e-01
   8.8836670e-02
  -1.0348511e-01
  -2.4551392e-01
  -2.6815796e-01
  -1.6049194e-01
   2.5299072e-02
   1.9876099e-01
   2.7536011e-01
   2.1810913e-01
   5.4718018e-02
  -1.3534546e-01
  -2.5955200e-01
  -2.5762939e-01
  -1.3043213e-01
   6.0241699e-02
   2.2155762e-01
   2.7499390e-01
   1.9470215e-01
   1.9714355e-02
  -1.6497803e-01
  -2.6947021e-01
  -2.4301147e-01
  -9.8388672e-02
   9.4116211e-02
   2.4069214e-01
   2.7008057e-01
   1.6815186e-01
  -1.5655518e-02
  -1.9192505e-01
  -2.7490234e-01
  -2.2427368e-01
  -6.4636230e-02
   1.2643433e-01
   2.5588989e-01
   2.6080322e-01
   1.3882446e-01
  -5.0720215e-02
  -2.1572876e-01
  -2.7581787e-01
  -2.0193481e-01
  -2.9876709e-02
   1.5664673e-01
   2.6693726e-01
   2.4731445e-01
   1.0733032e-01
  -8.4869385e-02
  -2.3590088e-01
  -2.7215576e-01
  -1.7623901e-01
   5.4626465e-03
   1.8438721e-01
   2.7355957e-01
   2.2967529e-01
   7.3974609e-02
  -1.1773682e-01
  -2.5225830e-01
  -2.6412964e-01
  -1.4767456e-01
   4.0527344e-02
   2.0907593e-01
   2.7581787e-01
   2.0828247e-01
   3.9428711e-02
  -1.4871216e-01
  -2.6452637e-01
  -2.5180054e-01
  -1.1669922e-01
   7.5103760e-02
   2.3031616e-01
   2.7352905e-01
   1.8353271e-01
   4.3029785e-03
  -1.7709351e-01
  -2.7239990e-01
  -2.3522949e-01
  -8.3770752e-02
   1.0833740e-01
   2.4783325e-01
   2.6663208e-01
   1.5570068e-01
  -3.1036377e-02
  -2.0266724e-01
  -2.7590942e-01
  -2.1496582e-01
  -4.9560547e-02
   1.3983154e-01
   2.6116943e-01
   2.5546265e-01
   1.2533569e-01
  -6.5795898e-02
  -2.2497559e-01
  -2.7490234e-01
  -1.9104004e-01
  -1.4373779e-02
   1.6906738e-01
   2.7035522e-01
   2.4011230e-01
   9.3017578e-02
  -9.9426270e-02
  -2.4349976e-01
  -2.6922607e-01
  -1.6406250e-01
   2.0935059e-02
   1.9555664e-01
   2.7511597e-01
   2.2085571e-01
   5.9082031e-02
  -1.3150024e-01
  -2.5811768e-01
  -2.5927734e-01
  -1.3442993e-01
   5.5877686e-02
   2.1871948e-01
   2.7529907e-01
   1.9787598e-01
   2.4108887e-02
  -1.6140747e-01
  -2.6849365e-01
  -2.4508667e-01
  -1.0250854e-01
   8.9904785e-02
   2.3840332e-01
   2.7096558e-01
   1.7169189e-01
  -1.1138916e-02
  -1.8869019e-01
  -2.7441406e-01
  -2.2680664e-01
  -6.8939209e-02
   1.2249756e-01
   2.5424194e-01
   2.6223755e-01
   1.4276123e-01
  -4.6203613e-02
  -2.1279907e-01
  -2.7584839e-01
  -2.0486450e-01
  -3.4179688e-02
   1.5307617e-01
   2.6577759e-01
   2.4914551e-01
   1.1141968e-01
  -8.0657959e-02
  -2.3355103e-01
  -2.7288818e-01
  -1.7959595e-01
   1.0070801e-03
   1.8103027e-01
   2.7294922e-01
   2.3205566e-01
   7.8247070e-02
  -1.1370850e-01
  -2.5039673e-01
  -2.6535034e-01
  -1.5136719e-01
   3.6193848e-02
   2.0617676e-01
   2.7572632e-01
   2.1115112e-01
   4.3792725e-02
  -1.4486694e-01
  -2.6315308e-01
  -2.5354004e-01
  -1.2072754e-01
   7.0831299e-02
   2.2790527e-01
   2.7404785e-01
   1.8676758e-01
   8.6669922e-03
  -1.7367554e-01
  -2.7166748e-01
  -2.3754883e-01
  -8.8012695e-02
   1.0430908e-01
   2.4584961e-01
   2.6773071e-01
   1.5930176e-01
  -2.6672363e-02
  -1.9967651e-01
  -2.7566528e-01
  -2.1768188e-01
  -5.3863525e-02
   1.3607788e-01
   2.5979614e-01
   2.5711060e-01
   1.2927246e-01
  -6.1462402e-02
  -2.2238159e-01
  -2.7523804e-01
  -1.9421387e-01
  -1.8890381e-02
   1.6561890e-01
   2.6947021e-01
   2.4218750e-01
   9.7045898e-02
  -9.5275879e-02
  -2.4142456e-01
  -2.7020264e-01
  -1.6754150e-01
   1.6448975e-02
   1.9238281e-01
   2.7484131e-01
   2.2344971e-01
   6.3323975e-02
  -1.2759399e-01
  -2.5653076e-01
  -2.6071167e-01
  -1.3815308e-01
   5.1452637e-02
   2.1603394e-01
   2.7554321e-01
   2.0095825e-01
   2.8564453e-02
  -1.5780640e-01
  -2.6739502e-01
  -2.4700928e-01
  -1.0653687e-01
   8.5693359e-02
   2.3614502e-01
   2.7178955e-01
   1.7517090e-01
  -6.8054199e-03
  -1.8536377e-01
  -2.7395630e-01
  -2.2933960e-01
  -7.3181152e-02
   1.1843872e-01
   2.5238037e-01
   2.6364136e-01
   1.4654541e-01
  -4.1961670e-02
  -2.0999146e-01
  -2.7603149e-01
  -2.0785522e-01
  -3.8604736e-02
   1.4929199e-01
   2.6449585e-01
   2.5106812e-01
   1.1550903e-01
  -7.6446533e-02
  -2.3117065e-01
  -2.7352905e-01
  -1.8298340e-01
  -3.4484863e-03
   1.7767334e-01
   2.7218628e-01
   2.3446655e-01
   8.2550049e-02
  -1.0968018e-01
  -2.4847412e-01
  -2.6654053e-01
  -1.5505981e-01
   3.1860352e-02
   2.0312500e-01
   2.7554321e-01
   2.1392822e-01
   4.8217773e-02
  -1.4105225e-01
  -2.6181030e-01
  -2.5527954e-01
  -1.2463379e-01
   6.6589355e-02
   2.2534180e-01
   2.7441406e-01
   1.8997192e-01
   1.3153076e-02
  -1.7022705e-01
  -2.7075195e-01
  -2.3977661e-01
  -9.2163086e-02
   1.0028076e-01
   2.4383545e-01
   2.6876831e-01
   1.6287231e-01
  -2.2155762e-02
  -1.9653320e-01
  -2.7542114e-01
  -2.2030640e-01
  -5.8166504e-02
   1.3226318e-01
   2.5833130e-01
   2.5860596e-01
   1.3314819e-01
  -5.7159424e-02
  -2.1969604e-01
  -2.7548218e-01
  -1.9729614e-01
  -2.3223877e-02
   1.6207886e-01
   2.6861572e-01
   2.4435425e-01
   1.0122681e-01
  -9.1125488e-02
  -2.3922729e-01
  -2.7102661e-01
  -1.7105103e-01
   1.1993408e-02
   1.8930054e-01
   2.7438354e-01
   2.2601318e-01
   6.7657471e-02
  -1.2365723e-01
  -2.5479126e-01
  -2.6208496e-01
  -1.4202881e-01
   4.7149658e-02
   2.1334839e-01
   2.7572632e-01
   2.0391846e-01
   3.2958984e-02
  -1.5411377e-01
  -2.6635742e-01
  -2.4896240e-01
  -1.1068726e-01
   8.1451416e-02
   2.3394775e-01
   2.7255249e-01
   1.7855835e-01
  -2.2888184e-03
  -1.8209839e-01
  -2.7337646e-01
  -2.3168945e-01
  -7.7453613e-02
   1.1444092e-01
   2.5064087e-01
   2.6492310e-01
   1.5026855e-01
  -3.7567139e-02
  -2.0712280e-01
  -2.7609253e-01
  -2.1075439e-01
  -4.3090820e-02
   1.4547729e-01
   2.6324463e-01
   2.5292969e-01
   1.1944580e-01
  -7.2143555e-02
  -2.2879028e-01
  -2.7420044e-01
  -1.8624878e-01
  -7.8430176e-03
   1.7419434e-01
   2.7145386e-01
   2.3678589e-01
   8.6730957e-02
  -1.0562134e-01
  -2.4658203e-01
  -2.6776123e-01
  -1.5872192e-01
   2.7435303e-02
   2.0007324e-01
   2.7545166e-01
   2.1676636e-01
   5.2551270e-02
  -1.3726807e-01
  -2.6040649e-01
  -2.5704956e-01
  -1.2863159e-01
   6.2225342e-02
   2.2265625e-01
   2.7484131e-01
   1.9323730e-01
   1.7578125e-02
  -1.6671753e-01
  -2.6998901e-01
  -2.4203491e-01
  -9.6405029e-02
   9.6038818e-02
   2.4160767e-01
   2.6959229e-01
   1.6647339e-01
  -1.7761230e-02
  -1.9348145e-01
  -2.7517700e-01
  -2.2308350e-01
  -6.2622070e-02
   1.2829590e-01
   2.5653076e-01
   2.6000977e-01
   1.3705444e-01
  -5.2764893e-02
  -2.1697998e-01
  -2.7569580e-01
  -2.0050049e-01
  -2.7770996e-02
   1.5841675e-01
   2.6739502e-01
   2.4624634e-01
   1.0531616e-01
  -8.6914063e-02
  -2.3703003e-01
  -2.7182007e-01
  -1.7459106e-01
   7.5988770e-03
   1.8597412e-01
   2.7374268e-01
   2.2839355e-01
   7.1899414e-02
  -1.1968994e-01
  -2.5314331e-01
  -2.6351929e-01
  -1.4581299e-01
   4.2724609e-02
   2.1051025e-01
   2.7578735e-01
   2.0687866e-01
   3.7261963e-02
  -1.5042114e-01
  -2.6507568e-01
  -2.5088501e-01
  -1.1471558e-01
   7.7209473e-02
   2.3147583e-01
   2.7316284e-01
   1.8176270e-01
   2.0446777e-03
  -1.7874146e-01
  -2.7273560e-01
  -2.3419189e-01
  -8.1695557e-02
   1.1047363e-01
   2.4874878e-01
   2.6605225e-01
   1.5386963e-01
  -3.3203125e-02
  -2.0419312e-01
  -2.7590942e-01
  -2.1350098e-01
  -4.7393799e-02
   1.4178467e-01
   2.6199341e-01
   2.5460815e-01
   1.2338257e-01
  -6.7840576e-02
  -2.2625732e-01
  -2.7462769e-01
  -1.8945313e-01
  -1.2298584e-02
   1.7086792e-01
   2.7078247e-01
   2.3895264e-01
   9.0850830e-02
  -1.0150146e-01
  -2.4450684e-01
  -2.6873779e-01
  -1.6229248e-01
   2.2949219e-02
   1.9705200e-01
   2.7526855e-01
   2.1948242e-01
   5.6884766e-02
  -1.3342285e-01
  -2.5897217e-01
  -2.5854492e-01
  -1.3244629e-01
   5.7891846e-02
   2.2006226e-01
   2.7520752e-01
   1.9635010e-01
   2.1972656e-02
  -1.6317749e-01
  -2.6901245e-01
  -2.4411011e-01
  -1.0052490e-01
   9.1827393e-02
   2.3947144e-01
   2.7059937e-01
   1.7001343e-01
  -1.3336182e-02
  -1.9024658e-01
  -2.7471924e-01
  -2.2564697e-01
  -6.6772461e-02
   1.2438965e-01
   2.5497437e-01
   2.6162720e-01
   1.4086914e-01
  -4.8492432e-02
  -2.1423340e-01
  -2.7593994e-01
