  -1.9235229e-01
  -2.7642822e-01
  -1.7050171e-01
   5.2551270e-02
   2.3950195e-01
   2.6187134e-01
   1.0427856e-01
  -1.2503052e-01
  -2.6834106e-01
  -2.2723389e-01
  -2.9907227e-02
   1.8811035e-01
   2.7670288e-01
   1.7526245e-01
  -4.6661377e-02
  -2.3641968e-01
  -2.6373291e-01
  -1.0971069e-01
   1.1965942e-01
   2.6690674e-01
   2.3068237e-01
   3.5888672e-02
  -1.8350220e-01
  -2.7679443e-01
  -1.7977905e-01
   4.0863037e-02
   2.3336792e-01
   2.6550293e-01
   1.1523438e-01
  -1.1419678e-01
  -2.6519775e-01
  -2.3385620e-01
  -4.1717529e-02
   1.7910767e-01
   2.7685547e-01
   1.8435669e-01
  -3.4820557e-02
  -2.3004150e-01
  -2.6715088e-01
  -1.2057495e-01
   1.0882568e-01
   2.6339722e-01
   2.3706055e-01
   4.7760010e-02
  -1.7431641e-01
  -2.7661133e-01
  -1.8875122e-01
   2.8961182e-02
   2.2671509e-01
   2.6870728e-01
   1.2597656e-01
  -1.0324097e-01
  -2.6150513e-01
  -2.3999023e-01
  -5.3558350e-02
   1.6976929e-01
   2.7651978e-01
   1.9320679e-01
  -2.2888184e-02
  -2.2314453e-01
  -2.7001953e-01
  -1.3122559e-01
   9.7747803e-02
   2.5958252e-01
   2.4304199e-01
   5.9539795e-02
  -1.6488647e-01
  -2.7597046e-01
  -1.9723511e-01
   1.7028809e-02
   2.1966553e-01
   2.7136230e-01
   1.3662720e-01
  -9.1979980e-02
  -2.5729370e-01
  -2.4569702e-01
  -6.5185547e-02
   1.6018677e-01
   2.7551270e-01
   2.0162964e-01
  -1.0894775e-02
  -2.1578979e-01
  -2.7233887e-01
  -1.4163208e-01
   8.6547852e-02
   2.5518799e-01
   2.4859619e-01
   7.1166992e-02
  -1.5512085e-01
  -2.7478027e-01
  -2.0547485e-01
   5.0659180e-03
   2.1212769e-01
   2.7349854e-01
   1.4688110e-01
  -8.0688477e-02
  -2.5274658e-01
  -2.5103760e-01
  -7.6751709e-02
   1.5026855e-01
   2.7395630e-01
   2.0950317e-01
   1.1291504e-03
  -2.0816040e-01
  -2.7423096e-01
  -1.5182495e-01
   7.4981689e-02
   2.5027466e-01
   2.5350952e-01
   8.2519531e-02
  -1.4514160e-01
  -2.7316284e-01
  -2.1337891e-01
  -6.9580078e-03
   2.0419312e-01
   2.7508545e-01
   1.5686035e-01
  -6.9122314e-02
  -2.4758911e-01
  -2.5585938e-01
  -8.8256836e-02
   1.4004517e-01
   2.7209473e-01
   2.1716309e-01
   1.3061523e-02
  -2.0007324e-01
  -2.7557373e-01
  -1.6171265e-01
   6.3415527e-02
   2.4499512e-01
   2.5820923e-01
   9.3963623e-02
  -1.3476563e-01
  -2.7084351e-01
  -2.2076416e-01
  -1.8829346e-02
   1.9598389e-01
   2.7606201e-01
   1.6656494e-01
  -5.7525635e-02
  -2.4206543e-01
  -2.6022339e-01
  -9.9517822e-02
   1.2960815e-01
   2.6959229e-01
   2.2436523e-01
   2.4902344e-02
  -1.9165039e-01
  -2.7645874e-01
  -1.7126465e-01
   5.1696777e-02
   2.3910522e-01
   2.6223755e-01
   1.0516357e-01
  -1.2420654e-01
  -2.6812744e-01
  -2.2778320e-01
  -3.0792236e-02
   1.8737793e-01
   2.7673340e-01
   1.7596436e-01
  -4.5654297e-02
  -2.3596191e-01
  -2.6394653e-01
  -1.1056519e-01
   1.1889648e-01
   2.6672363e-01
   2.3114014e-01
   3.6743164e-02
  -1.8283081e-01
  -2.7679443e-01
  -1.8048096e-01
   3.9916992e-02
   2.3281860e-01
   2.6568604e-01
   1.1605835e-01
  -1.1340332e-01
  -2.6492310e-01
  -2.3434448e-01
  -4.2694092e-02
   1.7837524e-01
   2.7682495e-01
   1.8502808e-01
  -3.3843994e-02
  -2.2949219e-01
  -2.6733398e-01
  -1.2142944e-01
   1.0800171e-01
   2.6324463e-01
   2.3760986e-01
   4.8645020e-02
  -1.7361450e-01
  -2.7661133e-01
  -1.8942261e-01
   2.8076172e-02
   2.2619629e-01
   2.6885986e-01
   1.2689209e-01
  -1.0229492e-01
  -2.6123047e-01
  -2.4047852e-01
  -5.4412842e-02
   1.6909790e-01
   2.7648926e-01
   1.9381714e-01
  -2.1942139e-02
  -2.2259521e-01
  -2.7017212e-01
  -1.3201904e-01
   9.6893311e-02
   2.5924683e-01
   2.4353027e-01
   6.0424805e-02
  -1.6409302e-01
  -2.7581787e-01
  -1.9790649e-01
   1.6082764e-02
   2.1911621e-01
   2.7145386e-01
   1.3723755e-01
  -9.1186523e-02
  -2.5701904e-01
  -2.4615479e-01
  -6.6131592e-02
   1.5936279e-01
   2.7548218e-01
   2.0217896e-01
  -9.9792480e-03
  -2.1520996e-01
  -2.7252197e-01
  -1.4242554e-01
   8.5601807e-02
   2.5473022e-01
   2.4887085e-01
   7.1990967e-02
  -1.5441895e-01
  -2.7465820e-01
  -2.0602417e-01
   4.1503906e-03
   2.1157837e-01
   2.7362061e-01
   1.4761353e-01
  -7.9742432e-02
  -2.5241089e-01
  -2.5140381e-01
  -7.7575684e-02
   1.4944458e-01
   2.7392578e-01
   2.1020508e-01
   1.9226074e-03
  -2.0745850e-01
  -2.7432251e-01
  -1.5252686e-01
   7.4157715e-02
   2.4990845e-01
   2.5393677e-01
   8.3435059e-02
  -1.4431763e-01
  -2.7291870e-01
  -2.1386719e-01
  -7.9040527e-03
   2.0358276e-01
   2.7523804e-01
   1.5765381e-01
  -6.8206787e-02
  -2.4719238e-01
  -2.5619507e-01
  -8.9050293e-02
   1.3922119e-01
   2.7185059e-01
   2.1768188e-01
   1.3854980e-02
  -1.9946289e-01
  -2.7566528e-01
  -1.6241455e-01
   6.2561035e-02
   2.4462891e-01
   2.5848389e-01
   9.4818115e-02
  -1.3400269e-01
  -2.7066040e-01
  -2.2122192e-01
  -1.9775391e-02
   1.9528198e-01
   2.7627563e-01
   1.6732788e-01
  -5.6579590e-02
  -2.4154663e-01
  -2.6037598e-01
  -1.0031128e-01
   1.2884521e-01
   2.6943970e-01
   2.2482300e-01
   2.5817871e-02
  -1.9100952e-01
  -2.7648926e-01
  -1.7199707e-01
   5.0811768e-02
   2.3870850e-01
   2.6257324e-01
   1.0598755e-01
  -1.2338257e-01
  -2.6794434e-01
  -2.2821045e-01
  -3.1707764e-02
   1.8664551e-01
   2.7673340e-01
   1.7669678e-01
  -4.4769287e-02
  -2.3544312e-01
  -2.6422119e-01
  -1.1135864e-01
   1.1810303e-01
   2.6644897e-01
   2.3168945e-01
   3.7719727e-02
  -1.8222046e-01
  -2.7676392e-01
  -1.8115234e-01
   3.8970947e-02
   2.3239136e-01
   2.6611328e-01
   1.1697388e-01
  -1.1254883e-01
  -2.6464844e-01
  -2.3492432e-01
  -4.3609619e-02
   1.7770386e-01
   2.7676392e-01
   1.8569946e-01
  -3.3020020e-02
  -2.2891235e-01
  -2.6760864e-01
  -1.2234497e-01
   1.0708618e-01
   2.6293945e-01
   2.3800659e-01
   4.9560547e-02
  -1.7294312e-01
  -2.7658081e-01
  -1.9003296e-01
   2.7130127e-02
   2.2561646e-01
   2.6910400e-01
   1.2768555e-01
  -1.0150146e-01
  -2.6089478e-01
  -2.4099731e-01
  -5.5358887e-02
   1.6833496e-01
   2.7630615e-01
   1.9436646e-01
  -2.1087646e-02
  -2.2210693e-01
  -2.7041626e-01
  -1.3290405e-01
   9.5916748e-02
   2.5888062e-01
   2.4383545e-01
   6.1187744e-02
  -1.6345215e-01
  -2.7584839e-01
  -1.9860840e-01
   1.5167236e-02
   2.1850586e-01
   2.7160645e-01
   1.3815308e-01
  -9.0301514e-02
  -2.5665283e-01
  -2.4655151e-01
  -6.7016602e-02
   1.5866089e-01
   2.7536011e-01
   2.0275879e-01
  -9.1552734e-03
  -2.1469116e-01
  -2.7270508e-01
  -1.4321899e-01
   8.4716797e-02
   2.5436401e-01
   2.4935913e-01
   7.2906494e-02
  -1.5368652e-01
  -2.7450562e-01
  -2.0672607e-01
   3.2043457e-03
   2.1099854e-01
   2.7368164e-01
   1.4831543e-01
  -7.8918457e-02
  -2.5195313e-01
  -2.5173950e-01
  -7.8552246e-02
   1.4877319e-01
   2.7386475e-01
   2.1075439e-01
   2.8076172e-03
  -2.0697021e-01
  -2.7450562e-01
  -1.5338135e-01
   7.3242188e-02
   2.4942017e-01
   2.5418091e-01
   8.4320068e-02
  -1.4358521e-01
  -2.7282715e-01
  -2.1453857e-01
  -8.8195801e-03
   2.0297241e-01
   2.7520752e-01
   1.5826416e-01
  -6.7443848e-02
  -2.4685669e-01
  -2.5656128e-01
  -8.9965820e-02
   1.3839722e-01
   2.7169800e-01
   2.1832275e-01
   1.4801025e-02
  -1.9885254e-01
  -2.7572632e-01
  -1.6323853e-01
   6.1614990e-02
   2.4401855e-01
   2.5866699e-01
   9.5581055e-02
  -1.3323975e-01
  -2.7053833e-01
  -2.2186279e-01
  -2.0812988e-02
   1.9464111e-01
   2.7624512e-01
   1.6796875e-01
  -5.5725098e-02
  -2.4118042e-01
  -2.6083374e-01
  -1.0119629e-01
   1.2805176e-01
   2.6916504e-01
   2.2540283e-01
   2.6733398e-02
  -1.9030762e-01
  -2.7648926e-01
  -1.7266846e-01
   4.9926758e-02
   2.3818970e-01
   2.6287842e-01
   1.0675049e-01
  -1.2268066e-01
  -2.6773071e-01
  -2.2875977e-01
  -3.2592773e-02
   1.8597412e-01
   2.7679443e-01
   1.7739868e-01
  -4.3945313e-02
  -2.3504639e-01
  -2.6455688e-01
  -1.1230469e-01
   1.1724854e-01
   2.6614380e-01
   2.3211670e-01
   3.8604736e-02
  -1.8148804e-01
  -2.7673340e-01
  -1.8188477e-01
   3.8055420e-02
   2.3187256e-01
   2.6635742e-01
   1.1776733e-01
  -1.1166382e-01
  -2.6440430e-01
  -2.3535156e-01
  -4.4433594e-02
   1.7694092e-01
   2.7670288e-01
   1.8640137e-01
  -3.2043457e-02
  -2.2842407e-01
  -2.6779175e-01
  -1.2310791e-01
   1.0635376e-01
   2.6269531e-01
   2.3846436e-01
   5.0415039e-02
  -1.7230225e-01
  -2.7651978e-01
  -1.9070435e-01
   2.6214600e-02
   2.2515869e-01
   2.6940918e-01
   1.2854004e-01
  -1.0058594e-01
  -2.6046753e-01
  -2.4136353e-01
  -5.6182861e-02
   1.6772461e-01
   2.7618408e-01
   1.9503784e-01
  -2.0141602e-02
  -2.2146606e-01
  -2.7056885e-01
  -1.3366699e-01
   9.5245361e-02
   2.5866699e-01
   2.4432373e-01
   6.2133789e-02
  -1.6262817e-01
  -2.7575684e-01
  -1.9921875e-01
   1.4312744e-02
   2.1786499e-01
   2.7185059e-01
   1.3894653e-01
  -8.9447021e-02
  -2.5631714e-01
  -2.4700928e-01
  -6.7901611e-02
   1.5795898e-01
   2.7523804e-01
   2.0333862e-01
  -8.2397461e-03
  -2.1414185e-01
  -2.7282715e-01
  -1.4398193e-01
   8.3801270e-02
   2.5405884e-01
   2.4975586e-01
   7.3669434e-02
  -1.5292358e-01
  -2.7447510e-01
  -2.0742798e-01
   2.3193359e-03
   2.1032715e-01
   2.7377319e-01
   1.4904785e-01
  -7.8063965e-02
  -2.5158691e-01
  -2.5216675e-01
  -7.9437256e-02
   1.4801025e-01
   2.7368164e-01
   2.1130371e-01
   3.6926270e-03
  -2.0645142e-01
  -2.7465820e-01
  -1.5405273e-01
   7.2357178e-02
   2.4899292e-01
   2.5463867e-01
   8.5205078e-02
  -1.4279175e-01
  -2.7264404e-01
  -2.1502686e-01
  -9.6130371e-03
   2.0242310e-01
   2.7532959e-01
   1.5902710e-01
  -6.6497803e-02
  -2.4633789e-01
  -2.5680542e-01
  -9.0759277e-02
   1.3769531e-01
   2.7160645e-01
   2.1884155e-01
   1.5716553e-02
  -1.9815063e-01
  -2.7584839e-01
  -1.6387939e-01
   6.0821533e-02
   2.4359131e-01
   2.5906372e-01
   9.6527100e-02
  -1.3238525e-01
  -2.7020264e-01
  -2.2238159e-01
  -2.1575928e-02
   1.9400024e-01
   2.7633667e-01
   1.6867065e-01
  -5.4840088e-02
  -2.4078369e-01
  -2.6113892e-01
  -1.0202026e-01
   1.2710571e-01
   2.6895142e-01
   2.2595215e-01
   2.7679443e-02
  -1.8966675e-01
  -2.7655029e-01
  -1.7340088e-01
   4.9041748e-02
   2.3776245e-01
   2.6303101e-01
   1.0766602e-01
  -1.2176514e-01
  -2.6745605e-01
  -2.2927856e-01
  -3.3569336e-02
   1.8533325e-01
   2.7685547e-01
   1.7800903e-01
  -4.3060303e-02
  -2.3455811e-01
  -2.6486206e-01
  -1.1306763e-01
   1.1648560e-01
   2.6580811e-01
   2.3260498e-01
   3.9550781e-02
  -1.8072510e-01
  -2.7673340e-01
  -1.8252563e-01
   3.7170410e-02
   2.3144531e-01
   2.6663208e-01
   1.1853027e-01
  -1.1090088e-01
  -2.6409912e-01
  -2.3571777e-01
  -4.5318604e-02
   1.7620850e-01
   2.7682495e-01
   1.8710327e-01
  -3.1158447e-02
  -2.2793579e-01
  -2.6800537e-01
  -1.2387085e-01
   1.0552979e-01
   2.6229858e-01
   2.3880005e-01
   5.1269531e-02
  -1.7150879e-01
  -2.7639771e-01
  -1.9137573e-01
   2.5268555e-02
   2.2467041e-01
   2.6959229e-01
   1.2921143e-01
  -9.9822998e-02
  -2.6037598e-01
  -2.4188232e-01
  -5.7128906e-02
   1.6680908e-01
   2.7615356e-01
   1.9577026e-01
  -1.9226074e-02
  -2.2097778e-01
  -2.7075195e-01
  -1.3439941e-01
   9.4360352e-02
   2.5833130e-01
   2.4478149e-01
   6.2957764e-02
  -1.6198730e-01
  -2.7563477e-01
  -1.9982910e-01
   1.3336182e-02
   2.1737671e-01
   2.7206421e-01
   1.3977051e-01
  -8.8623047e-02
  -2.5601196e-01
  -2.4737549e-01
  -6.8695068e-02
   1.5722656e-01
   2.7505493e-01
   2.0401001e-01
  -7.2937012e-03
  -2.1350098e-01
  -2.7304077e-01
  -1.4480591e-01
   8.2977295e-02
   2.5375366e-01
   2.5012207e-01
   7.4584961e-02
  -1.5216064e-01
  -2.7432251e-01
  -2.0791626e-01
   1.4038086e-03
   2.0968628e-01
   2.7389526e-01
   1.4987183e-01
  -7.7178955e-02
  -2.5119019e-01
  -2.5253296e-01
  -8.0291748e-02
   1.4718628e-01
   2.7346802e-01
   2.1182251e-01
   4.6081543e-03
  -2.0578003e-01
  -2.7474976e-01
  -1.5484619e-01
   7.1441650e-02
   2.4865723e-01
   2.5509644e-01
   8.6090088e-02
  -1.4199829e-01
  -2.7239990e-01
  -2.1560669e-01
  -1.0498047e-02
   2.0181274e-01
   2.7542114e-01
   1.5988159e-01
  -6.5551758e-02
  -2.4581909e-01
  -2.5711060e-01
  -9.1674805e-02
   1.3693237e-01
   2.7142334e-01
   2.1948242e-01
   1.6632080e-02
  -1.9750977e-01
  -2.7587891e-01
  -1.6458130e-01
   5.9844971e-02
   2.4319458e-01
   2.5942993e-01
   9.7381592e-02
  -1.3156128e-01
  -2.6998901e-01
  -2.2293091e-01
  -2.2521973e-02
   1.9342041e-01
   2.7633667e-01
   1.6937256e-01
  -5.3924561e-02
  -2.4014282e-01
  -2.6135254e-01
  -1.0290527e-01
   1.2628174e-01
   2.6882935e-01
   2.2653198e-01
   2.8594971e-02
  -1.8896484e-01
  -2.7661133e-01
  -1.7404175e-01
   4.8156738e-02
   2.3721313e-01
   2.6327515e-01
   1.0845947e-01
  -1.2094116e-01
  -2.6724243e-01
  -2.2976685e-01
  -3.4454346e-02
   1.8469238e-01
   2.7688599e-01
   1.7877197e-01
  -4.2144775e-02
  -2.3406982e-01
  -2.6510620e-01
  -1.1392212e-01
   1.1553955e-01
   2.6562500e-01
   2.3309326e-01
   4.0405273e-02
  -1.8008423e-01
  -2.7676392e-01
  -1.8316650e-01
   3.6346436e-02
   2.3086548e-01
   2.6672363e-01
   1.1932373e-01
  -1.1013794e-01
  -2.6385498e-01
  -2.3632813e-01
  -4.6264648e-02
   1.7553711e-01
   2.7676392e-01
   1.8771362e-01
  -3.0242920e-02
  -2.2741699e-01
  -2.6834106e-01
  -1.2469482e-01
   1.0461426e-01
   2.6196289e-01
   2.3931885e-01
   5.2276611e-02
  -1.7080688e-01
  -2.7645874e-01
  -1.9204712e-01
   2.4444580e-02
   2.2412109e-01
   2.6977539e-01
   1.3003540e-01
  -9.8999023e-02
  -2.6000977e-01
  -2.4227905e-01
  -5.7922363e-02
   1.6607666e-01
   2.7612305e-01
   1.9641113e-01
  -1.8371582e-02
  -2.2039795e-01
  -2.7099609e-01
  -1.3525391e-01
   9.3566895e-02
   2.5796509e-01
   2.4511719e-01
   6.3842773e-02
  -1.6125488e-01
  -2.7557373e-01
  -2.0040894e-01
   1.2451172e-02
   2.1685791e-01
   2.7218628e-01
   1.4050293e-01
  -8.7707520e-02
  -2.5561523e-01
  -2.4786377e-01
  -6.9610596e-02
   1.5643311e-01
   2.7493286e-01
   2.0468140e-01
  -6.3476563e-03
  -2.1295166e-01
  -2.7307129e-01
  -1.4553833e-01
   8.2092285e-02
   2.5338745e-01
   2.5051880e-01
   7.5500488e-02
  -1.5136719e-01
  -2.7416992e-01
  -2.0849609e-01
   4.5776367e-04
   2.0916748e-01
   2.7416992e-01
   1.5066528e-01
  -7.6263428e-02
  -2.5076294e-01
  -2.5296021e-01
  -8.1146240e-02
   1.4648438e-01
   2.7334595e-01
   2.1249390e-01
   5.6457520e-03
  -2.0510864e-01
  -2.7474976e-01
  -1.5554810e-01
   7.0648193e-02
   2.4832153e-01
   2.5546265e-01
   8.7005615e-02
  -1.4117432e-01
  -2.7227783e-01
  -2.1612549e-01
  -1.1413574e-02
   2.0111084e-01
   2.7557373e-01
   1.6067505e-01
  -6.4666748e-02
  -2.4542236e-01
  -2.5744629e-01
  -9.2498779e-02
   1.3619995e-01
   2.7124023e-01
   2.1990967e-01
   1.7486572e-02
  -1.9692993e-01
  -2.7593994e-01
  -1.6540527e-01
   5.8929443e-02
   2.4282837e-01
   2.5982666e-01
   9.8205566e-02
  -1.3079834e-01
  -2.6980591e-01
  -2.2344971e-01
  -2.3376465e-02
   1.9277954e-01
   2.7633667e-01
   1.7019653e-01
  -5.3009033e-02
  -2.3974609e-01
  -2.6162720e-01
  -1.0372925e-01
   1.2554932e-01
   2.6858521e-01
   2.2705078e-01
   2.9449463e-02
  -1.8841553e-01
  -2.7661133e-01
  -1.7474365e-01
   4.7241211e-02
   2.3666382e-01
   2.6367188e-01
   1.0940552e-01
  -1.2005615e-01
  -2.6699829e-01
  -2.3028564e-01
  -3.5308838e-02
   1.8399048e-01
   2.7682495e-01
   1.7941284e-01
  -4.1259766e-02
  -2.3358154e-01
  -2.6535034e-01
  -1.1471558e-01
   1.1477661e-01
   2.6544189e-01
   2.3367310e-01
   4.1290283e-02
  -1.7938232e-01
  -2.7676392e-01
  -1.8389893e-01
   3.5430908e-02
   2.3034668e-01
   2.6699829e-01
   1.2023926e-01
  -1.0925293e-01
  -2.6351929e-01
  -2.3672485e-01
  -4.7149658e-02
   1.7486572e-01
   2.7670288e-01
   1.8838501e-01
  -2.9388428e-02
  -2.2692871e-01
  -2.6849365e-01
  -1.2545776e-01
   1.0369873e-01
   2.6171875e-01
   2.3983765e-01
   5.3100586e-02
  -1.7010498e-01
  -2.7633667e-01
  -1.9265747e-01
   2.3498535e-02
   2.2360229e-01
   2.6992798e-01
   1.3085938e-01
  -9.8114014e-02
  -2.5970459e-01
  -2.4270630e-01
  -5.8868408e-02
   1.6537476e-01
   2.7606201e-01
   1.9702148e-01
  -1.7456055e-02
  -2.1984863e-01
  -2.7117920e-01
  -1.3604736e-01
   9.2620850e-02
   2.5753784e-01
   2.4557495e-01
   6.4788818e-02
  -1.6046143e-01
  -2.7545166e-01
  -2.0108032e-01
   1.1535645e-02
   2.1630859e-01
   2.7243042e-01
   1.4123535e-01
  -8.6883545e-02
  -2.5524902e-01
  -2.4822998e-01
  -7.0526123e-02
   1.5563965e-01
   2.7493286e-01
   2.0529175e-01
  -5.4321289e-03
  -2.1240234e-01
  -2.7319336e-01
  -1.4630127e-01
   8.1298828e-02
   2.5308228e-01
   2.5085449e-01
   7.6354980e-02
  -1.5057373e-01
  -2.7398682e-01
  -2.0907593e-01
  -3.9672852e-04
   2.0858765e-01
   2.7432251e-01
   1.5145874e-01
  -7.5378418e-02
  -2.5039673e-01
  -2.5329590e-01
  -8.1970215e-02
   1.4566040e-01
   2.7316284e-01
   2.1310425e-01
   6.4697266e-03
  -2.0446777e-01
  -2.7484131e-01
  -1.5628052e-01
   6.9793701e-02
   2.4795532e-01
   2.5573730e-01
   8.7799072e-02
  -1.4038086e-01
  -2.7203369e-01
  -2.1664429e-01
  -1.2359619e-02
   2.0056152e-01
   2.7572632e-01
   1.6134644e-01
  -6.3781738e-02
  -2.4502563e-01
  -2.5787354e-01
  -9.3414307e-02
   1.3540649e-01
   2.7099609e-01
   2.2042847e-01
   1.8493652e-02
  -1.9628906e-01
  -2.7603149e-01
  -1.6607666e-01
   5.8044434e-02
   2.4234009e-01
   2.6007080e-01
   9.9060059e-02
  -1.2997437e-01
  -2.6968384e-01
  -2.2399902e-01
  -2.4291992e-02
   1.9201660e-01
   2.7642822e-01
   1.7092896e-01
  -5.2093506e-02
  -2.3928833e-01
  -2.6193237e-01
  -1.0455322e-01
