  -1.6821289e-01
  -2.7001953e-01
  -2.4017334e-01
  -9.3383789e-02
   9.9029541e-02
   2.4356079e-01
   2.6986694e-01
   1.6506958e-01
  -1.9805908e-02
  -1.9479370e-01
  -2.7484131e-01
  -2.2097778e-01
  -5.9448242e-02
   1.3113403e-01
   2.5817871e-01
   2.5991821e-01
   1.3534546e-01
  -5.4779053e-02
  -2.1807861e-01
  -2.7514648e-01
  -1.9818115e-01
  -2.4566650e-02
   1.6107178e-01
   2.6867676e-01
   2.4578857e-01
   1.0351563e-01
  -8.8958740e-02
  -2.3782349e-01
  -2.7099609e-01
  -1.7208862e-01
   1.0711670e-02
   1.8838501e-01
   2.7471924e-01
   2.2769165e-01
   6.9976807e-02
  -1.2149048e-01
  -2.5369263e-01
  -2.6232910e-01
  -1.4318848e-01
   4.5928955e-02
   2.1264648e-01
   2.7627563e-01
   2.0578003e-01
   3.5247803e-02
  -1.5213013e-01
  -2.6535034e-01
  -2.4929810e-01
  -1.1187744e-01
   8.0261230e-02
   2.3342896e-01
   2.7328491e-01
   1.8057251e-01
   0.0000000e+00
  -1.8020630e-01
  -2.7264404e-01
  -2.3229980e-01
  -7.8765869e-02
   1.1337280e-01
   2.5042725e-01
   2.6589966e-01
   1.5240479e-01
  -3.5156250e-02
  -2.0538330e-01
  -2.7545166e-01
  -2.1136475e-01
  -4.4281006e-02
   1.4465332e-01
   2.6333618e-01
   2.5415039e-01
   1.2167358e-01
  -6.9854736e-02
  -2.2720337e-01
  -2.7386475e-01
  -1.8710327e-01
  -9.1857910e-03
   1.7346191e-01
   2.7185059e-01
   2.3825073e-01
   8.9050293e-02
  -1.0336304e-01
  -2.4526978e-01
  -2.6770020e-01
  -1.5972900e-01
   2.6153564e-02
   1.9946289e-01
   2.7597046e-01
   2.1847534e-01
   5.4840088e-02
  -1.3519287e-01
  -2.5927734e-01
  -2.5711060e-01
  -1.2966919e-01
   6.0974121e-02
   2.2225952e-01
   2.7563477e-01
   1.9506836e-01
   1.9866943e-02
  -1.6476440e-01
  -2.6907349e-01
  -2.4237061e-01
  -9.7595215e-02
   9.4879150e-02
   2.4142456e-01
   2.7062988e-01
   1.6848755e-01
  -1.5441895e-02
  -1.9161987e-01
  -2.7444458e-01
  -2.2363281e-01
  -6.3873291e-02
   1.2719727e-01
   2.5662231e-01
   2.6126099e-01
   1.3912964e-01
  -5.0537109e-02
  -2.1539307e-01
  -2.7542114e-01
  -2.0123291e-01
  -2.9052734e-02
   1.5747070e-01
   2.6760864e-01
   2.4774170e-01
   1.0763550e-01
  -8.4655762e-02
  -2.3559570e-01
  -2.7172852e-01
  -1.7544556e-01
   6.1645508e-03
   1.8511963e-01
   2.7426147e-01
   2.3007202e-01
   7.4218750e-02
  -1.1752319e-01
  -2.5195313e-01
  -2.6367188e-01
  -1.4691162e-01
   4.1412354e-02
   2.0977783e-01
   2.7642822e-01
   2.0870972e-01
   3.9703369e-02
  -1.4840698e-01
  -2.6412964e-01
  -2.5115967e-01
  -1.1587524e-01
   7.5988770e-02
   2.3110962e-01
   2.7407837e-01
   1.8392944e-01
   4.5471191e-03
  -1.7681885e-01
  -2.7194214e-01
  -2.3461914e-01
  -8.2946777e-02
   1.0928345e-01
   2.4853516e-01
   2.6721191e-01
   1.5612793e-01
  -3.0731201e-02
  -2.0239258e-01
  -2.7539063e-01
  -2.1423340e-01
  -4.8614502e-02
   1.4083862e-01
   2.6187134e-01
   2.5595093e-01
   1.2570190e-01
  -6.5490723e-02
  -2.2451782e-01
  -2.7426147e-01
  -1.9030762e-01
  -1.3488770e-02
   1.7001343e-01
   2.7105713e-01
   2.4050903e-01
   9.3292236e-02
  -9.9151611e-02
  -2.4316406e-01
  -2.6870728e-01
  -1.6333008e-01
   2.1667480e-02
   1.9638062e-01
   2.7563477e-01
   2.2119141e-01
   5.9326172e-02
  -1.3125610e-01
  -2.5775146e-01
  -2.5866699e-01
  -1.3357544e-01
   5.6701660e-02
   2.1957397e-01
   2.7581787e-01
   1.9818115e-01
   2.4353027e-02
  -1.6119385e-01
  -2.6809692e-01
  -2.4441528e-01
  -1.0165405e-01
   9.0728760e-02
   2.3919678e-01
   2.7154541e-01
   1.7202759e-01
  -1.0986328e-02
  -1.8835449e-01
  -2.7404785e-01
  -2.2616577e-01
  -6.8084717e-02
   1.2332153e-01
   2.5500488e-01
   2.6275635e-01
   1.4306641e-01
  -4.6020508e-02
  -2.1252441e-01
  -2.7542114e-01
  -2.0419312e-01
  -3.3386230e-02
   1.5386963e-01
   2.6647949e-01
   2.4969482e-01
   1.1160278e-01
  -8.0474854e-02
  -2.3321533e-01
  -2.7243042e-01
  -1.7892456e-01
   1.8310547e-03
   1.8194580e-01
   2.7368164e-01
   2.3257446e-01
   7.8521729e-02
  -1.1346436e-01
  -2.5003052e-01
  -2.6483154e-01
  -1.5057373e-01
   3.7048340e-02
   2.0697021e-01
   2.7636719e-01
   2.1160889e-01
   4.4128418e-02
  -1.4471436e-01
  -2.6281738e-01
  -2.5292969e-01
  -1.1993408e-01
   7.1655273e-02
   2.2866821e-01
   2.7462769e-01
   1.8716431e-01
   8.9416504e-03
  -1.7346191e-01
  -2.7114868e-01
  -2.3687744e-01
  -8.7127686e-02
   1.0522461e-01
   2.4664307e-01
   2.6837158e-01
   1.5966797e-01
  -2.6336670e-02
  -1.9946289e-01
  -2.7526855e-01
  -2.1694946e-01
  -5.3039551e-02
   1.3687134e-01
   2.6052856e-01
   2.5769043e-01
   1.2963867e-01
  -6.1187744e-02
  -2.2207642e-01
  -2.7468872e-01
  -1.9351196e-01
  -1.8066406e-02
   1.6635132e-01
   2.7008057e-01
   2.4264526e-01
   9.7381592e-02
  -9.5153809e-02
  -2.4108887e-01
  -2.6965332e-01
  -1.6687012e-01
   1.7272949e-02
   1.9314575e-01
   2.7542114e-01
   2.2390747e-01
   6.3629150e-02
  -1.2731934e-01
  -2.5619507e-01
  -2.6019287e-01
  -1.3742065e-01
   5.2307129e-02
   2.1679688e-01
   2.7612305e-01
   2.0138550e-01
   2.8747559e-02
  -1.5753174e-01
  -2.6702881e-01
  -2.4642944e-01
  -1.0583496e-01
   8.6547852e-02
   2.3687744e-01
   2.7233887e-01
   1.7553711e-01
  -6.4697266e-03
  -1.8508911e-01
  -2.7346802e-01
  -2.2860718e-01
  -7.2265625e-02
   1.1944580e-01
   2.5317383e-01
   2.6409912e-01
   1.4691162e-01
  -4.1687012e-02
  -2.0974731e-01
  -2.7551270e-01
  -2.0712280e-01
  -3.7811279e-02
   1.5014648e-01
   2.6519775e-01
   2.5146484e-01
   1.1575317e-01
  -7.6141357e-02
  -2.3089600e-01
  -2.7304077e-01
  -1.8222046e-01
  -2.5939941e-03
   1.7855835e-01
   2.7297974e-01
   2.3483276e-01
   8.2794189e-02
  -1.0937500e-01
  -2.4816895e-01
  -2.6599121e-01
  -1.5435791e-01
   3.2684326e-02
   2.0404053e-01
   2.7624512e-01
   2.1435547e-01
   4.8431396e-02
  -1.4080811e-01
  -2.6141357e-01
  -2.5463867e-01
  -1.2380981e-01
   6.7443848e-02
   2.2613525e-01
   2.7505493e-01
   1.9039917e-01
   1.3336182e-02
  -1.6995239e-01
  -2.7041626e-01
  -2.3913574e-01
  -9.1400146e-02
   1.0110474e-01
   2.4462891e-01
   2.6931763e-01
   1.6326904e-01
  -2.1942139e-02
  -1.9635010e-01
  -2.7502441e-01
  -2.1972656e-01
  -5.7403564e-02
   1.3308716e-01
   2.5900269e-01
   2.5918579e-01
   1.3348389e-01
  -5.6945801e-02
  -2.1936035e-01
  -2.7499390e-01
  -1.9659424e-01
  -2.2430420e-02
   1.6290283e-01
   2.6925659e-01
   2.4478149e-01
   1.0156250e-01
  -9.0881348e-02
  -2.3895264e-01
  -2.7050781e-01
  -1.7034912e-01
   1.2908936e-02
   1.9006348e-01
   2.7499390e-01
   2.2634888e-01
   6.7871094e-02
  -1.2347412e-01
  -2.5457764e-01
  -2.6162720e-01
  -1.4120483e-01
   4.7973633e-02
   2.1408081e-01
   2.7636719e-01
   2.0434570e-01
   3.3172607e-02
  -1.5390015e-01
  -2.6589966e-01
  -2.4838257e-01
  -1.0983276e-01
   8.2275391e-02
   2.3468018e-01
   2.7316284e-01
   1.7895508e-01
  -2.0751953e-03
  -1.8185425e-01
  -2.7301025e-01
  -2.3114014e-01
  -7.6660156e-02
   1.1526489e-01
   2.5140381e-01
   2.6541138e-01
   1.5054321e-01
  -3.7261963e-02
  -2.0681763e-01
  -2.7557373e-01
  -2.1008301e-01
  -4.2114258e-02
   1.4636230e-01
   2.6397705e-01
   2.5344849e-01
   1.1975098e-01
  -7.1929932e-02
  -2.2833252e-01
  -2.7359009e-01
  -1.8551636e-01
  -6.9580078e-03
   1.7510986e-01
   2.7221680e-01
   2.3718262e-01
   8.6975098e-02
  -1.0537720e-01
  -2.4624634e-01
  -2.6718140e-01
  -1.5802002e-01
   2.8259277e-02
   2.0092773e-01
   2.7606201e-01
   2.1713257e-01
   5.2795410e-02
  -1.3708496e-01
  -2.6007080e-01
  -2.5634766e-01
  -1.2780762e-01
   6.3140869e-02
   2.2354126e-01
   2.7539063e-01
   1.9354248e-01
   1.7791748e-02
  -1.6650391e-01
  -2.6959229e-01
  -2.4136353e-01
  -9.5611572e-02
   9.6893311e-02
   2.4240112e-01
   2.7008057e-01
   1.6668701e-01
  -1.7547607e-02
  -1.9329834e-01
  -2.7465820e-01
  -2.2235107e-01
  -6.1737061e-02
   1.2921143e-01
   2.5735474e-01
   2.6058960e-01
   1.3726807e-01
  -5.2551270e-02
  -2.1670532e-01
  -2.7520752e-01
  -1.9973755e-01
  -2.6855469e-02
   1.5933228e-01
   2.6815796e-01
   2.4667358e-01
   1.0552979e-01
  -8.6730957e-02
  -2.3669434e-01
  -2.7133179e-01
  -1.7382813e-01
   8.4228516e-03
   1.8679810e-01
   2.7447510e-01
   2.2888184e-01
   7.2143555e-02
  -1.1947632e-01
  -2.5280762e-01
  -2.6296997e-01
  -1.4505005e-01
   4.3548584e-02
   2.1130371e-01
   2.7636719e-01
   2.0724487e-01
   3.7536621e-02
  -1.5026855e-01
  -2.6477051e-01
  -2.5024414e-01
  -1.1389160e-01
   7.8094482e-02
   2.3236084e-01
   2.7374268e-01
   1.8222046e-01
   2.3193359e-03
  -1.7855835e-01
  -2.7236938e-01
  -2.3342896e-01
  -8.0932617e-02
   1.1120605e-01
   2.4954224e-01
   2.6663208e-01
   1.5420532e-01
  -3.2989502e-02
  -2.0391846e-01
  -2.7548218e-01
  -2.1292114e-01
  -4.6600342e-02
   1.4257813e-01
   2.6266479e-01
   2.5512695e-01
   1.2374878e-01
  -6.7657471e-02
  -2.2595215e-01
  -2.7410889e-01
  -1.8869019e-01
  -1.1444092e-02
   1.7160034e-01
   2.7151489e-01
   2.3947144e-01
   9.1156006e-02
  -1.0122681e-01
  -2.4429321e-01
  -2.6824951e-01
  -1.6156006e-01
   2.3834229e-02
   1.9781494e-01
   2.7584839e-01
   2.1984863e-01
   5.7098389e-02
  -1.3317871e-01
  -2.5860596e-01
  -2.5796509e-01
  -1.3168335e-01
   5.8837891e-02
   2.2079468e-01
   2.7575684e-01
   1.9677734e-01
   2.2155762e-02
  -1.6299438e-01
  -2.6864624e-01
  -2.4343872e-01
  -9.9700928e-02
   9.2742920e-02
   2.4020386e-01
   2.7114868e-01
   1.7041016e-01
  -1.3061523e-02
  -1.8994141e-01
  -2.7423096e-01
  -2.2494507e-01
  -6.5979004e-02
   1.2527466e-01
   2.5570679e-01
   2.6205444e-01
   1.4120483e-01
  -4.8187256e-02
  -2.1395874e-01
  -2.7542114e-01
  -2.0278931e-01
  -3.1250000e-02
   1.5560913e-01
   2.6699829e-01
   2.4874878e-01
   1.0971069e-01
  -8.2427979e-02
  -2.3437500e-01
  -2.7203369e-01
  -1.7727661e-01
   3.9978027e-03
   1.8350220e-01
   2.7386475e-01
   2.3129272e-01
   7.6446533e-02
  -1.1547852e-01
  -2.5100708e-01
  -2.6425171e-01
  -1.4883423e-01
   3.9245605e-02
   2.0840454e-01
   2.7633667e-01
   2.1008301e-01
   4.1931152e-02
  -1.4645386e-01
  -2.6348877e-01
  -2.5216675e-01
  -1.1795044e-01
   7.3822021e-02
   2.2988892e-01
   2.7420044e-01
   1.8551636e-01
   6.7749023e-03
  -1.7514038e-01
  -2.7163696e-01
  -2.3577881e-01
  -8.5113525e-02
   1.0720825e-01
   2.4755859e-01
   2.6770020e-01
   1.5786743e-01
  -2.8533936e-02
  -2.0089722e-01
  -2.7536011e-01
  -2.1566772e-01
  -5.0933838e-02
   1.3882446e-01
   2.6129150e-01
   2.5677490e-01
   1.2762451e-01
  -6.3385010e-02
  -2.2332764e-01
  -2.7450562e-01
  -1.9201660e-01
  -1.5869141e-02
   1.6818237e-01
   2.7062988e-01
   2.4163818e-01
   9.5367432e-02
  -9.7137451e-02
  -2.4212646e-01
  -2.6916504e-01
  -1.6513062e-01
   1.9378662e-02
   1.9482422e-01
   2.7560425e-01
   2.2247314e-01
   6.1462402e-02
  -1.2930298e-01
  -2.5698853e-01
  -2.5939941e-01
  -1.3562012e-01
   5.4443359e-02
   2.1823120e-01
   2.7609253e-01
   1.9982910e-01
   2.6611328e-02
  -1.5939331e-01
  -2.6757813e-01
  -2.4539185e-01
  -1.0382080e-01
   8.8562012e-02
   2.3809814e-01
   2.7200317e-01
   1.7385864e-01
  -8.6364746e-03
  -1.8673706e-01
  -2.7380371e-01
  -2.2744751e-01
  -7.0281982e-02
   1.2121582e-01
   2.5402832e-01
   2.6358032e-01
   1.4501953e-01
  -4.3853760e-02
  -2.1115112e-01
  -2.7551270e-01
  -2.0568848e-01
  -3.5644531e-02
   1.5185547e-01
   2.6577759e-01
   2.5070190e-01
   1.1380005e-01
  -7.8277588e-02
  -2.3199463e-01
  -2.7273560e-01
  -1.8060303e-01
  -3.9672852e-04
   1.8008423e-01
   2.7334595e-01
   2.3376465e-01
   8.0749512e-02
  -1.1141968e-01
  -2.4911499e-01
  -2.6550293e-01
  -1.5255737e-01
   3.4912109e-02
   2.0535278e-01
   2.7624512e-01
   2.1301270e-01
   4.6325684e-02
  -1.4276123e-01
  -2.6214600e-01
  -2.5387573e-01
  -1.2200928e-01
   6.9519043e-02
   2.2735596e-01
   2.7474976e-01
   1.8887329e-01
   1.1230469e-02
  -1.7163086e-01
  -2.7081299e-01
  -2.3812866e-01
  -8.9324951e-02
   1.0311890e-01
   2.4551392e-01
   2.6876831e-01
   1.6152954e-01
  -2.4078369e-02
  -1.9784546e-01
  -2.7514648e-01
  -2.1838379e-01
  -5.5297852e-02
   1.3494873e-01
   2.5970459e-01
   2.5830078e-01
   1.3153076e-01
  -5.9051514e-02
  -2.2070313e-01
  -2.7484131e-01
  -1.9515991e-01
  -2.0263672e-02
   1.6461182e-01
   2.6965332e-01
   2.4368286e-01
   9.9395752e-02
  -9.3017578e-02
  -2.3999023e-01
  -2.7011108e-01
  -1.6867065e-01
   1.5014648e-02
   1.9168091e-01
   2.7514648e-01
   2.2509766e-01
   6.5765381e-02
  -1.2536621e-01
  -2.5524902e-01
  -2.6089478e-01
  -1.3943481e-01
   5.0079346e-02
   2.1548462e-01
   2.7618408e-01
   2.0272827e-01
   3.0914307e-02
  -1.5573120e-01
  -2.6647949e-01
  -2.4743652e-01
  -1.0794067e-01
   8.4350586e-02
   2.3577881e-01
   2.7273560e-01
   1.7718506e-01
  -4.2724609e-03
  -1.8350220e-01
  -2.7325439e-01
  -2.2994995e-01
  -7.4615479e-02
   1.1727905e-01
   2.5225830e-01
   2.6477051e-01
   1.4871216e-01
  -3.9520264e-02
  -2.0825195e-01
  -2.7554321e-01
  -2.0870972e-01
  -4.0100098e-02
   1.4822388e-01
   2.6461792e-01
   2.5253296e-01
   1.1773682e-01
  -7.4066162e-02
  -2.2967529e-01
  -2.7337646e-01
  -1.8389893e-01
  -4.9133301e-03
   1.7669678e-01
   2.7258301e-01
   2.3614502e-01
   8.4930420e-02
  -1.0733032e-01
  -2.4716187e-01
  -2.6663208e-01
  -1.5615845e-01
   3.0395508e-02
   2.0242310e-01
   2.7627563e-01
   2.1585083e-01
   5.0720215e-02
  -1.3897705e-01
  -2.6074219e-01
  -2.5555420e-01
  -1.2582397e-01
   6.5307617e-02
   2.2470093e-01
   2.7523804e-01
   1.9207764e-01
   1.5655518e-02
  -1.6815186e-01
  -2.6998901e-01
  -2.4029541e-01
  -9.3444824e-02
   9.8968506e-02
   2.4343872e-01
   2.6983643e-01
   1.6516113e-01
  -1.9714355e-02
  -1.9464111e-01
  -2.7484131e-01
  -2.2106934e-01
  -5.9478760e-02
   1.3110352e-01
   2.5817871e-01
   2.5991821e-01
   1.3555908e-01
  -5.4687500e-02
  -2.1801758e-01
  -2.7511597e-01
  -1.9824219e-01
  -2.4719238e-02
   1.6107178e-01
   2.6864624e-01
   2.4581909e-01
   1.0363770e-01
  -8.8836670e-02
  -2.3776245e-01
  -2.7096558e-01
  -1.7221069e-01
   1.0650635e-02
   1.8838501e-01
   2.7465820e-01
   2.2766113e-01
   7.0068359e-02
  -1.2139893e-01
  -2.5363159e-01
  -2.6226807e-01
  -1.4321899e-01
   4.5745850e-02
   2.1270752e-01
   2.7627563e-01
   2.0584106e-01
   3.5491943e-02
  -1.5200806e-01
  -2.6522827e-01
  -2.4929810e-01
  -1.1196899e-01
   8.0169678e-02
   2.3345947e-01
   2.7340698e-01
   1.8060303e-01
   2.1362305e-04
  -1.8017578e-01
  -2.7261353e-01
  -2.3226929e-01
  -7.8765869e-02
   1.1331177e-01
   2.5039673e-01
   2.6596069e-01
   1.5243530e-01
  -3.5003662e-02
  -2.0532227e-01
  -2.7551270e-01
  -2.1148682e-01
  -4.4433594e-02
   1.4453125e-01
   2.6330566e-01
   2.5424194e-01
   1.2176514e-01
  -6.9732666e-02
  -2.2714233e-01
  -2.7377319e-01
  -1.8710327e-01
  -9.2468262e-03
   1.7343140e-01
   2.7200317e-01
   2.3831177e-01
   8.9080811e-02
  -1.0324097e-01
  -2.4520874e-01
  -2.6763916e-01
  -1.5985107e-01
   2.6000977e-02
   1.9943237e-01
   2.7603149e-01
   2.1850586e-01
   5.5023193e-02
  -1.3510132e-01
  -2.5933838e-01
  -2.5717163e-01
  -1.2982178e-01
   6.0882568e-02
   2.2216797e-01
   2.7566528e-01
   1.9515991e-01
   1.9989014e-02
  -1.6470337e-01
  -2.6904297e-01
  -2.4240112e-01
  -9.7625732e-02
   9.4787598e-02
   2.4139404e-01
   2.7081299e-01
   1.6867065e-01
  -1.5289307e-02
  -1.9158936e-01
  -2.7450562e-01
  -2.2366333e-01
  -6.3903809e-02
   1.2713623e-01
   2.5656128e-01
   2.6144409e-01
   1.3934326e-01
  -5.0292969e-02
  -2.1530151e-01
  -2.7539063e-01
  -2.0126343e-01
  -2.9083252e-02
   1.5744019e-01
   2.6760864e-01
   2.4789429e-01
   1.0772705e-01
  -8.4625244e-02
  -2.3550415e-01
  -2.7172852e-01
  -1.7553711e-01
   6.2255859e-03
   1.8502808e-01
   2.7420044e-01
   2.3019409e-01
   7.4371338e-02
  -1.1734009e-01
  -2.5192261e-01
  -2.6367188e-01
  -1.4703369e-01
   4.1320801e-02
   2.0971680e-01
   2.7630615e-01
   2.0877075e-01
   3.9764404e-02
  -1.4834595e-01
  -2.6409912e-01
  -2.5125122e-01
  -1.1602783e-01
   7.5897217e-02
   2.3095703e-01
   2.7389526e-01
   1.8389893e-01
   4.5776367e-03
  -1.7681885e-01
  -2.7194214e-01
  -2.3474121e-01
  -8.3068848e-02
   1.0919189e-01
   2.4841309e-01
   2.6715088e-01
   1.5609741e-01
  -3.0639648e-02
  -2.0236206e-01
  -2.7545166e-01
  -2.1435547e-01
  -4.8858643e-02
   1.4068604e-01
   2.6190186e-01
   2.5595093e-01
   1.2573242e-01
  -6.5429688e-02
  -2.2457886e-01
  -2.7429199e-01
  -1.9036865e-01
  -1.3671875e-02
   1.6995239e-01
   2.7105713e-01
   2.4047852e-01
   9.3322754e-02
  -9.9151611e-02
  -2.4316406e-01
  -2.6873779e-01
  -1.6339111e-01
   2.1575928e-02
   1.9628906e-01
   2.7569580e-01
   2.2113037e-01
   5.9295654e-02
  -1.3122559e-01
  -2.5769043e-01
  -2.5872803e-01
  -1.3372803e-01
   5.6549072e-02
   2.1951294e-01
   2.7584839e-01
   1.9824219e-01
   2.4475098e-02
  -1.6110229e-01
  -2.6812744e-01
  -2.4450684e-01
  -1.0180664e-01
   9.0637207e-02
   2.3916626e-01
   2.7160645e-01
   1.7208862e-01
  -1.0925293e-02
  -1.8838501e-01
  -2.7404785e-01
  -2.2628784e-01
  -6.8237305e-02
   1.2316895e-01
   2.5491333e-01
   2.6278687e-01
   1.4303589e-01
  -4.6051025e-02
  -2.1255493e-01
  -2.7551270e-01
  -2.0428467e-01
  -3.3477783e-02
   1.5377808e-01
   2.6644897e-01
   2.4975586e-01
   1.1175537e-01
  -8.0383301e-02
  -2.3321533e-01
  -2.7246094e-01
  -1.7898560e-01
   1.7089844e-03
   1.8179321e-01
   2.7362061e-01
   2.3257446e-01
   7.8582764e-02
  -1.1346436e-01
  -2.5006104e-01
  -2.6498413e-01
  -1.5075684e-01
   3.6926270e-02
   2.0681763e-01
   2.7636719e-01
   2.1160889e-01
   4.4097900e-02
  -1.4462280e-01
  -2.6290894e-01
