  -1.2625122e-01
  -1.1306763e-01
  -7.0068359e-02
  -5.1025391e-02
  -1.1230469e-02
   9.5825195e-03
   4.8980713e-02
   6.8695068e-02
   1.1071777e-01
   1.2554932e-01
   1.7391968e-01
   1.7791748e-01
   2.5051880e-01
   1.5640259e-01
  -2.5097656e-01
  -2.0916748e-01
  -1.8743896e-01
  -1.5295410e-01
  -1.2512207e-01
  -9.5581055e-02
  -6.4086914e-02
  -3.6621094e-02
  -2.8076172e-03
   2.2094727e-02
   5.8959961e-02
   7.9681396e-02
   1.2234497e-01
   1.3385010e-01
   1.8920898e-01
   1.8020630e-01
   2.8042603e-01
  -5.0659180e-03
  -2.8033447e-01
  -1.7950439e-01
  -1.8893433e-01
  -1.3305664e-01
  -1.2182617e-01
  -7.8765869e-02
  -5.8410645e-02
  -2.1118164e-02
   3.3264160e-03
   3.7750244e-02
   6.4331055e-02
   9.6862793e-02
   1.2509155e-01
   1.5463257e-01
   1.8634033e-01
   2.1203613e-01
   2.4465942e-01
  -1.6748047e-01
  -2.4725342e-01
  -1.7898560e-01
  -1.7260742e-01
  -1.2570190e-01
  -1.0977173e-01
  -6.8389893e-02
  -4.8278809e-02
  -9.0942383e-03
   1.1932373e-02
   5.1635742e-02
   7.0434570e-02
   1.1392212e-01
   1.2631226e-01
   1.7858887e-01
   1.7642212e-01
   2.6013184e-01
   1.2377930e-01
  -2.6473999e-01
  -2.0031738e-01
  -1.8930054e-01
  -1.4782715e-01
  -1.2512207e-01
  -9.1766357e-02
  -6.3385010e-02
  -3.3386230e-02
  -1.7089844e-03
   2.5085449e-02
   6.0211182e-02
   8.2672119e-02
   1.2329102e-01
   1.3723755e-01
   1.9000244e-01
   1.8435669e-01
   2.7960205e-01
  -4.3457031e-02
  -2.7728271e-01
  -1.7742920e-01
  -1.8704224e-01
  -1.3055420e-01
  -1.2020874e-01
  -7.5988770e-02
  -5.6945801e-02
  -1.8249512e-02
   4.7302246e-03
   4.1015625e-02
   6.5307617e-02
   1.0079956e-01
   1.2493896e-01
   1.6015625e-01
   1.8414307e-01
   2.2238159e-01
   2.2540283e-01
  -1.9549561e-01
  -2.3648071e-01
  -1.8121338e-01
  -1.6732788e-01
  -1.2530518e-01
  -1.0592651e-01
  -6.6955566e-02
  -4.5166016e-02
  -7.0190430e-03
   1.4495850e-02
   5.4168701e-02
   7.2662354e-02
   1.1697388e-01
   1.2774658e-01
   1.8276978e-01
   1.7611694e-01
   2.6895142e-01
   8.9294434e-02
  -2.7389526e-01
  -1.9232178e-01
  -1.9009399e-01
  -1.4282227e-01
  -1.2451172e-01
  -8.7493896e-02
  -6.1828613e-02
  -2.9510498e-02
   0.0000000e+00
   2.8930664e-02
   6.1828613e-02
   8.6822510e-02
   1.2451172e-01
   1.4175415e-01
   1.9027710e-01
   1.9070435e-01
   2.7545166e-01
  -8.0718994e-02
  -2.7081299e-01
  -1.7617798e-01
  -1.8359375e-01
  -1.2808228e-01
  -1.1746216e-01
  -7.3150635e-02
  -5.4565430e-02
  -1.4953613e-02
   6.7138672e-03
   4.4525146e-02
   6.6772461e-02
   1.0504150e-01
   1.2536621e-01
   1.6583252e-01
   1.8179321e-01
   2.3339844e-01
   2.0230103e-01
  -2.1972656e-01
  -2.2552490e-01
  -1.8350220e-01
  -1.6177368e-01
  -1.2512207e-01
  -1.0192871e-01
  -6.5582275e-02
  -4.1809082e-02
  -5.2490234e-03
   1.7303467e-02
   5.6213379e-02
   7.5164795e-02
   1.1947632e-01
   1.2973022e-01
   1.8600464e-01
   1.7681885e-01
   2.7551270e-01
   5.2673340e-02
  -2.7923584e-01
  -1.8597412e-01
  -1.9018555e-01
  -1.3836670e-01
  -1.2365723e-01
  -8.3770752e-02
  -6.0668945e-02
  -2.6062012e-02
   1.2817383e-03
   3.2501221e-02
   6.2957764e-02
   9.0667725e-02
   1.2506104e-01
   1.4657593e-01
   1.8954468e-01
   1.9799805e-01
   2.6715088e-01
  -1.1581421e-01
  -2.6266479e-01
  -1.7623901e-01
  -1.7968750e-01
  -1.2655640e-01
  -1.1453247e-01
  -7.0709229e-02
  -5.2062988e-02
  -1.2237549e-02
   8.8500977e-03
   4.7821045e-02
   6.8328857e-02
   1.0897827e-01
   1.2576294e-01
   1.7147827e-01
   1.7980957e-01
   2.4450684e-01
   1.7529297e-01
  -2.3989868e-01
  -2.1469116e-01
  -1.8551636e-01
  -1.5582275e-01
  -1.2469482e-01
  -9.7534180e-02
  -6.4178467e-02
  -3.8238525e-02
  -3.2348633e-03
   2.0721436e-02
   5.8532715e-02
   7.8369141e-02
   1.2179565e-01
   1.3259888e-01
   1.8875122e-01
   1.7907715e-01
   2.7987671e-01
   1.5319824e-02
  -2.8057861e-01
  -1.8112183e-01
  -1.8939209e-01
  -1.3446045e-01
  -1.2231445e-01
  -8.0108643e-02
  -5.8990479e-02
  -2.2521973e-02
   2.8381348e-03
   3.6132813e-02
   6.4086914e-02
   9.4940186e-02
   1.2524414e-01
   1.5194702e-01
   1.8762207e-01
   2.0736694e-01
   2.5335693e-01
  -1.5124512e-01
  -2.5259399e-01
  -1.7797852e-01
  -1.7507935e-01
  -1.2582397e-01
  -1.1145020e-01
  -6.9152832e-02
  -4.9560547e-02
  -1.0040283e-02
   1.0772705e-02
   5.0384521e-02
   6.9732666e-02
   1.1239624e-01
   1.2612915e-01
   1.7620850e-01
   1.7767334e-01
   2.5466919e-01
   1.4468384e-01
  -2.5634766e-01
  -2.0529175e-01
  -1.8783569e-01
  -1.5063477e-01
  -1.2484741e-01
  -9.3750000e-02
  -6.3476563e-02
  -3.5003662e-02
  -2.1057129e-03
   2.3590088e-02
   5.9783936e-02
   8.1268311e-02
   1.2301636e-01
   1.3562012e-01
   1.8978882e-01
   1.8222046e-01
   2.8076172e-01
  -2.3010254e-02
  -2.7911377e-01
  -1.7825317e-01
  -1.8801880e-01
  -1.3165283e-01
  -1.2100220e-01
  -7.7301025e-02
  -5.7647705e-02
  -1.9622803e-02
   4.0588379e-03
   3.9337158e-02
   6.4880371e-02
   9.8724365e-02
   1.2515259e-01
   1.5719604e-01
   1.8545532e-01
   2.1667480e-01
   2.3672485e-01
  -1.8029785e-01
  -2.4240112e-01
  -1.7984009e-01
  -1.7013550e-01
  -1.2530518e-01
  -1.0800171e-01
  -6.7596436e-02
  -4.6783447e-02
  -8.0261230e-03
   1.3122559e-02
   5.2856445e-02
   7.1472168e-02
   1.1541748e-01
   1.2710571e-01
   1.8063354e-01
   1.7642212e-01
   2.6391602e-01
   1.1093140e-01
  -2.6852417e-01
  -1.9677734e-01
  -1.8948364e-01
  -1.4569092e-01
  -1.2478638e-01
  -8.9813232e-02
  -6.2500000e-02
  -3.1616211e-02
  -8.2397461e-04
   2.6977539e-02
   6.1096191e-02
   8.4625244e-02
   1.2399292e-01
   1.3937378e-01
   1.9030762e-01
   1.8713379e-01
   2.7813721e-01
  -6.0760498e-02
  -2.7453613e-01
  -1.7666626e-01
  -1.8554688e-01
  -1.2933350e-01
  -1.1895752e-01
  -7.4676514e-02
  -5.5816650e-02
  -1.6662598e-02
   5.6457520e-03
   4.2724609e-02
   6.5948486e-02
   1.0281372e-01
   1.2503052e-01
   1.6287231e-01
   1.8298340e-01
   2.2756958e-01
   2.1475220e-01
  -2.0764160e-01
  -2.3123169e-01
  -1.8231201e-01
  -1.6467285e-01
  -1.2515259e-01
  -1.0406494e-01
  -6.6253662e-02
  -4.3609619e-02
  -6.1340332e-03
   1.5808105e-02
   5.5206299e-02
   7.3852539e-02
   1.1822510e-01
   1.2872314e-01
   1.8441772e-01
   1.7648315e-01
   2.7191162e-01
   7.5439453e-02
  -2.7615356e-01
  -1.8948364e-01
  -1.9003296e-01
  -1.4083862e-01
  -1.2405396e-01
  -8.5723877e-02
  -6.1218262e-02
  -2.7893066e-02
   6.7138672e-04
   3.0487061e-02
   6.2377930e-02
   8.8531494e-02
   1.2484741e-01
   1.4389038e-01
   1.8997192e-01
   1.9393921e-01
   2.7224731e-01
  -9.6801758e-02
  -2.6736450e-01
  -1.7611694e-01
  -1.8197632e-01
  -1.2734985e-01
  -1.1624146e-01
  -7.2052002e-02
  -5.3527832e-02
  -1.3763428e-02
   7.5988770e-03
   4.5989990e-02
   6.7413330e-02
   1.0693359e-01
   1.2545776e-01
   1.6845703e-01
   1.8066406e-01
   2.3867798e-01
   1.8981934e-01
  -2.2998047e-01
  -2.2027588e-01
  -1.8453979e-01
  -1.5896606e-01
  -1.2490845e-01
  -9.9884033e-02
  -6.5032959e-02
  -4.0222168e-02
  -4.2724609e-03
   1.8890381e-02
   5.7403564e-02
   7.6568604e-02
   1.2069702e-01
   1.3107300e-01
   1.8746948e-01
   1.7770386e-01
   2.7777100e-01
   3.8024902e-02
  -2.8012085e-01
  -1.8371582e-01
  -1.8988037e-01
  -1.3665771e-01
  -1.2298584e-01
  -8.2092285e-02
  -5.9814453e-02
  -2.4475098e-02
   2.1972656e-03
   3.4240723e-02
   6.3598633e-02
   9.2620850e-02
   1.2536621e-01
   1.4910889e-01
   1.8905640e-01
   2.0193481e-01
   2.6208496e-01
  -1.3098145e-01
  -2.5839233e-01
  -1.7666626e-01
  -1.7764282e-01
  -1.2594604e-01
  -1.1303711e-01
  -6.9824219e-02
  -5.0903320e-02
  -1.1047363e-02
   9.7961426e-03
   4.9194336e-02
   6.9000244e-02
   1.1074829e-01
   1.2603760e-01
   1.7388916e-01
   1.7880249e-01
   2.4948120e-01
   1.6113281e-01
  -2.4826050e-01
  -2.1002197e-01
  -1.8667603e-01
  -1.5325928e-01
  -1.2472534e-01
  -9.5642090e-02
  -6.3751221e-02
  -3.6621094e-02
  -2.6550293e-03
   2.2094727e-02
   5.9204102e-02
   7.9650879e-02
   1.2255859e-01
   1.3394165e-01
   1.8957520e-01
   1.8026733e-01
   2.8079224e-01
   2.1362305e-04
  -2.8024292e-01
  -1.7965698e-01
  -1.8878174e-01
  -1.3314819e-01
  -1.2173462e-01
  -7.8765869e-02
  -5.8288574e-02
  -2.1148682e-02
   3.4179688e-03
   3.7628174e-02
   6.4636230e-02
   9.6618652e-02
   1.2536621e-01
   1.5420532e-01
   1.8707275e-01
   2.1112061e-01
   2.4749756e-01
  -1.6281128e-01
  -2.4844360e-01
  -1.7849731e-01
  -1.7297363e-01
  -1.2539673e-01
  -1.0989380e-01
  -6.8328857e-02
  -4.8370361e-02
  -9.0026855e-03
   1.1871338e-02
   5.1605225e-02
   7.0587158e-02
   1.1386108e-01
   1.2652588e-01
   1.7840576e-01
   1.7703247e-01
   2.5930786e-01
   1.2890625e-01
  -2.6266479e-01
  -2.0108032e-01
  -1.8875122e-01
  -1.4828491e-01
  -1.2490845e-01
  -9.1949463e-02
  -6.3079834e-02
  -3.3386230e-02
  -1.4648438e-03
   2.5146484e-02
   6.0485840e-02
   8.2794189e-02
   1.2362671e-01
   1.3717651e-01
   1.9018555e-01
   1.8417358e-01
   2.8033447e-01
  -3.8879395e-02
  -2.7743530e-01
  -1.7727661e-01
  -1.8704224e-01
  -1.3049316e-01
  -1.2014771e-01
  -7.6019287e-02
  -5.6823730e-02
  -1.8249512e-02
   4.8217773e-03
   4.0771484e-02
   6.5399170e-02
   1.0052490e-01
   1.2521362e-01
   1.5951538e-01
   1.8453979e-01
   2.2103882e-01
   2.2854614e-01
  -1.9168091e-01
  -2.3782349e-01
  -1.8072510e-01
  -1.6793823e-01
  -1.2521362e-01
  -1.0641479e-01
  -6.7138672e-02
  -4.5623779e-02
  -7.2326660e-03
   1.4190674e-02
   5.3863525e-02
   7.2357178e-02
   1.1654663e-01
   1.2759399e-01
   1.8237305e-01
   1.7608643e-01
   2.6773071e-01
   9.4238281e-02
  -2.7282715e-01
  -1.9332886e-01
  -1.9006348e-01
  -1.4358521e-01
  -1.2472534e-01
  -8.8104248e-02
  -6.2164307e-02
  -3.0120850e-02
  -3.9672852e-04
   2.8350830e-02
   6.1370850e-02
   8.6090088e-02
   1.2420654e-01
   1.4117432e-01
   1.9000244e-01
   1.8981934e-01
   2.7554321e-01
  -7.8125000e-02
  -2.7169800e-01
  -1.7654419e-01
  -1.8429565e-01
  -1.2866211e-01
  -1.1801147e-01
  -7.3638916e-02
  -5.5053711e-02
  -1.5655518e-02
   6.2255859e-03
   4.3945313e-02
   6.6345215e-02
   1.0427856e-01
   1.2506104e-01
   1.6491699e-01
   1.8197632e-01
   2.3162842e-01
   2.0553589e-01
  -2.1679688e-01
  -2.2711182e-01
  -1.8328857e-01
  -1.6256714e-01
  -1.2521362e-01
  -1.0260010e-01
  -6.5765381e-02
  -4.2419434e-02
  -5.4931641e-03
   1.6937256e-02
   5.6060791e-02
   7.4829102e-02
   1.1914063e-01
   1.2942505e-01
   1.8569946e-01
   1.7672729e-01
   2.7478027e-01
   5.8013916e-02
  -2.7862549e-01
  -1.8679810e-01
  -1.9018555e-01
  -1.3897705e-01
  -1.2374878e-01
  -8.4259033e-02
  -6.0760498e-02
  -2.6428223e-02
   1.1291504e-03
   3.2043457e-02
   6.2805176e-02
   9.0209961e-02
   1.2487793e-01
   1.4599609e-01
   1.8936157e-01
   1.9732666e-01
   2.6782227e-01
  -1.1328125e-01
  -2.6358032e-01
  -1.7654419e-01
  -1.8023682e-01
  -1.2686157e-01
  -1.1505127e-01
  -7.1166992e-02
  -5.2459717e-02
  -1.2725830e-02
   8.4533691e-03
   4.7210693e-02
   6.7962646e-02
   1.0839844e-01
   1.2557983e-01
   1.7047119e-01
   1.7984009e-01
   2.4285889e-01
   1.7919922e-01
  -2.3751831e-01
  -2.1621704e-01
  -1.8542480e-01
  -1.5679932e-01
  -1.2487793e-01
  -9.8297119e-02
  -6.4575195e-02
  -3.8848877e-02
  -3.6010742e-03
   2.0050049e-02
   5.8013916e-02
   7.7728271e-02
   1.2136841e-01
   1.3204956e-01
   1.8829346e-01
   1.7846680e-01
   2.7935791e-01
   2.0507813e-02
  -2.8073120e-01
  -1.8179321e-01
  -1.8960571e-01
  -1.3513184e-01
  -1.2265015e-01
  -8.0657959e-02
  -5.9387207e-02
  -2.3132324e-02
   2.5634766e-03
   3.5614014e-02
   6.3842773e-02
   9.4299316e-02
   1.2524414e-01
   1.5130615e-01
   1.8789673e-01
   2.0593262e-01
   2.5543213e-01
  -1.4675903e-01
  -2.5390625e-01
  -1.7767334e-01
  -1.7568970e-01
  -1.2582397e-01
  -1.1181641e-01
  -6.9274902e-02
  -5.0109863e-02
  -1.0406494e-02
   1.0467529e-02
   4.9896240e-02
   6.9305420e-02
   1.1169434e-01
   1.2594604e-01
   1.7556763e-01
   1.7788696e-01
   2.5326538e-01
   1.4901733e-01
  -2.5454712e-01
  -2.0657349e-01
  -1.8759155e-01
  -1.5142822e-01
  -1.2496948e-01
  -9.4299316e-02
  -6.3629150e-02
  -3.5583496e-02
  -2.2888184e-03
   2.3345947e-02
   5.9722900e-02
   8.0810547e-02
   1.2283325e-01
   1.3507080e-01
   1.8988037e-01
   1.8170166e-01
   2.8073120e-01
  -1.7669678e-02
  -2.7957153e-01
  -1.7861938e-01
  -1.8829346e-01
  -1.3208008e-01
  -1.2127686e-01
  -7.7697754e-02
  -5.7922363e-02
  -2.0050049e-02
   3.7536621e-03
   3.8848877e-02
   6.4697266e-02
   9.8175049e-02
   1.2496948e-01
   1.5646362e-01
   1.8563843e-01
   2.1563721e-01
   2.3880005e-01
  -1.7718506e-01
  -2.4356079e-01
  -1.7965698e-01
  -1.7080688e-01
  -1.2542725e-01
  -1.0839844e-01
  -6.7840576e-02
  -4.7119141e-02
  -8.3312988e-03
   1.2817383e-02
   5.2581787e-02
   7.1319580e-02
   1.1505127e-01
   1.2689209e-01
   1.8008423e-01
   1.7657471e-01
   2.6300049e-01
   1.1517334e-01
  -2.6727295e-01
  -1.9775391e-01
  -1.8927002e-01
  -1.4624023e-01
  -1.2475586e-01
  -9.0240479e-02
  -6.2683105e-02
  -3.1951904e-02
  -9.4604492e-04
   2.6489258e-02
   6.0852051e-02
   8.4197998e-02
   1.2393188e-01
   1.3876343e-01
   1.9027710e-01
   1.8640137e-01
   2.7880859e-01
  -5.5450439e-02
  -2.7532959e-01
  -1.7678833e-01
  -1.8591309e-01
  -1.2966919e-01
  -1.1944580e-01
  -7.5134277e-02
  -5.6365967e-02
  -1.7242432e-02
   5.3405762e-03
   4.2175293e-02
   6.5643311e-02
   1.0220337e-01
   1.2506104e-01
   1.6198730e-01
   1.8313599e-01
   2.2598267e-01
   2.1801758e-01
  -2.0422363e-01
  -2.3278809e-01
  -1.8206787e-01
  -1.6558838e-01
  -1.2530518e-01
  -1.0479736e-01
  -6.6619873e-02
  -4.4281006e-02
  -6.5307617e-03
   1.5228271e-02
   5.4687500e-02
   7.3211670e-02
   1.1761475e-01
   1.2820435e-01
   1.8377686e-01
   1.7602539e-01
   2.7078247e-01
   7.9620361e-02
  -2.7578735e-01
  -1.9061279e-01
  -1.9036865e-01
  -1.4178467e-01
  -1.2451172e-01
  -8.6608887e-02
  -6.1737061e-02
  -2.8778076e-02
   9.1552734e-05
   2.9693604e-02
   6.1828613e-02
   8.7646484e-02
   1.2432861e-01
   1.4291382e-01
   1.8984985e-01
   1.9244385e-01
   2.7291870e-01
  -9.2163086e-02
  -2.6879883e-01
  -1.7642212e-01
  -1.8286133e-01
  -1.2796021e-01
  -1.1697388e-01
  -7.2692871e-02
  -5.4107666e-02
  -1.4495850e-02
   7.0495605e-03
   4.5227051e-02
   6.6802979e-02
   1.0595703e-01
   1.2503052e-01
   1.6744995e-01
   1.8075562e-01
   2.3675537e-01
   1.9320679e-01
  -2.2741699e-01
  -2.2207642e-01
  -1.8453979e-01
  -1.6003418e-01
  -1.2524414e-01
  -1.0073853e-01
  -6.5399170e-02
  -4.0954590e-02
  -4.7912598e-03
   1.8218994e-02
   5.6793213e-02
   7.5958252e-02
   1.2011719e-01
   1.3046265e-01
   1.8692017e-01
   1.7721558e-01
   2.7703857e-01
   4.1259766e-02
  -2.8012085e-01
  -1.8447876e-01
  -1.9021606e-01
  -1.3735962e-01
  -1.2356567e-01
  -8.2763672e-02
  -6.0211182e-02
  -2.5085449e-02
   1.5869141e-03
   3.3416748e-02
   6.3232422e-02
   9.1857910e-02
   1.2506104e-01
   1.4813232e-01
   1.8902588e-01
   2.0056152e-01
   2.6351929e-01
  -1.2652588e-01
  -2.5991821e-01
  -1.7684937e-01
  -1.7843628e-01
  -1.2634277e-01
  -1.1376953e-01
  -7.0373535e-02
  -5.1483154e-02
  -1.1688232e-02
   9.2163086e-03
   4.8431396e-02
   6.8511963e-02
   1.1001587e-01
   1.2554932e-01
   1.7260742e-01
   1.7855835e-01
   2.4774170e-01
   1.6503906e-01
  -2.4630737e-01
  -2.1176147e-01
  -1.8679810e-01
  -1.5444946e-01
  -1.2512207e-01
  -9.6618652e-02
  -6.4300537e-02
  -3.7567139e-02
  -3.1738281e-03
   2.1301270e-02
   5.8593750e-02
   7.8857422e-02
   1.2191772e-01
   1.3330078e-01
   1.8893433e-01
   1.7956543e-01
   2.8018188e-01
   3.2958984e-03
  -2.8079224e-01
  -1.8029785e-01
  -1.8930054e-01
  -1.3372803e-01
  -1.2213135e-01
  -7.9376221e-02
  -5.8776855e-02
  -2.1759033e-02
   3.1433105e-03
   3.6956787e-02
   6.4239502e-02
   9.5916748e-02
   1.2530518e-01
   1.5344238e-01
   1.8722534e-01
   2.0971680e-01
   2.4972534e-01
  -1.5863037e-01
  -2.4987793e-01
  -1.7810059e-01
  -1.7352295e-01
  -1.2533569e-01
  -1.1019897e-01
  -6.8328857e-02
  -4.8553467e-02
  -9.1247559e-03
   1.1840820e-02
   5.1513672e-02
   7.0465088e-02
   1.1364746e-01
   1.2670898e-01
   1.7803955e-01
   1.7742920e-01
   2.5814819e-01
   1.3391113e-01
  -2.6065063e-01
  -2.0199585e-01
  -1.8814087e-01
  -1.4877319e-01
  -1.2472534e-01
  -9.2163086e-02
  -6.2927246e-02
  -3.3660889e-02
  -1.4648438e-03
   2.4963379e-02
   6.0485840e-02
   8.2550049e-02
   1.2359619e-01
   1.3708496e-01
   1.9042969e-01
   1.8392944e-01
   2.8039551e-01
  -3.5644531e-02
  -2.7764893e-01
  -1.7733765e-01
  -1.8710327e-01
  -1.3058472e-01
  -1.2023926e-01
  -7.6171875e-02
  -5.6854248e-02
  -1.8493652e-02
   4.7912598e-03
   4.0527344e-02
   6.5460205e-02
   1.0009766e-01
   1.2533569e-01
   1.5890503e-01
   1.8499756e-01
   2.1978760e-01
   2.3144531e-01
  -1.8792725e-01
  -2.3925781e-01
  -1.8032837e-01
  -1.6857910e-01
  -1.2509155e-01
  -1.0681152e-01
  -6.7047119e-02
  -4.5837402e-02
  -7.4768066e-03
   1.3916016e-02
   5.3741455e-02
   7.2265625e-02
   1.1633301e-01
   1.2744141e-01
   1.8197632e-01
   1.7651367e-01
   2.6690674e-01
   9.9426270e-02
  -2.7148438e-01
  -1.9427490e-01
  -1.8972778e-01
  -1.4404297e-01
  -1.2457275e-01
  -8.8439941e-02
  -6.2103271e-02
  -3.0364990e-02
  -3.3569336e-04
   2.7984619e-02
   6.1462402e-02
   8.5876465e-02
   1.2426758e-01
   1.4077759e-01
   1.9021606e-01
   1.8917847e-01
   2.7661133e-01
  -7.3181152e-02
  -2.7243042e-01
  -1.7642212e-01
  -1.8457031e-01
  -1.2863159e-01
  -1.1822510e-01
