  -2.4737549e-01
  -2.8015137e-01
  -2.5097656e-01
  -2.7990723e-01
  -2.4758911e-01
  -2.9125977e-01
  -1.8508911e-01
   2.5207520e-01
   2.6834106e-01
   2.5735474e-01
   2.7182007e-01
   2.5241089e-01
   2.7841187e-01
   2.4172974e-01
   3.0160522e-01
   1.2173462e-01
  -2.8662109e-01
  -2.5646973e-01
  -2.6718140e-01
  -2.6821899e-01
  -2.5711060e-01
  -2.7902222e-01
  -2.4133301e-01
  -3.1185913e-01
  -2.0996094e-02
   3.0728149e-01
   2.4295044e-01
   2.7407837e-01
   2.5936890e-01
   2.6171875e-01
   2.7148438e-01
   2.4584961e-01
   3.0258179e-01
  -5.5755615e-02
  -3.1127930e-01
  -2.4078369e-01
  -2.8057861e-01
  -2.5506592e-01
  -2.7084351e-01
  -2.6306152e-01
  -2.6232910e-01
  -2.7279663e-01
   1.5225220e-01
   2.9623413e-01
   2.4392700e-01
   2.7804565e-01
   2.5158691e-01
   2.7383423e-01
   2.5350952e-01
   2.7523804e-01
   2.3202515e-01
  -2.1109009e-01
  -2.8421021e-01
  -2.5106812e-01
  -2.7822876e-01
  -2.5122070e-01
  -2.8097534e-01
  -2.4423218e-01
  -2.9864502e-01
  -1.5267944e-01
   2.7120972e-01
   2.6098633e-01
   2.6162720e-01
   2.6922607e-01
   2.5378418e-01
   2.7819824e-01
   2.4038696e-01
   3.0636597e-01
   8.5388184e-02
  -2.9833984e-01
  -2.5054932e-01
  -2.7114868e-01
  -2.6477051e-01
  -2.5976563e-01
  -2.7655029e-01
  -2.4359131e-01
  -3.0953979e-01
   2.1484375e-02
   3.0935669e-01
   2.4087524e-01
   2.7633667e-01
   2.5704956e-01
   2.6452637e-01
   2.6806641e-01
   2.5054932e-01
   2.9397583e-01
  -9.3688965e-02
  -3.0816650e-01
  -2.4121094e-01
  -2.8137207e-01
  -2.5314331e-01
  -2.7371216e-01
  -2.5860596e-01
  -2.6992798e-01
  -2.5354004e-01
   1.8420410e-01
   2.8900146e-01
   2.4691772e-01
   2.7691650e-01
   2.5106812e-01
   2.7578735e-01
   2.4942017e-01
   2.8317261e-01
   2.0553589e-01
  -2.3712158e-01
  -2.7590942e-01
  -2.5546265e-01
  -2.7587891e-01
  -2.5210571e-01
  -2.8152466e-01
  -2.4191284e-01
  -3.0484009e-01
  -1.1761475e-01
   2.8625488e-01
   2.5436401e-01
   2.6568604e-01
   2.6635742e-01
   2.5555420e-01
   2.7722168e-01
   2.4011230e-01
   3.0892944e-01
   4.6936035e-02
  -3.0654907e-01
  -2.4609375e-01
  -2.7478027e-01
  -2.6184082e-01
  -2.6287842e-01
  -2.7359009e-01
  -2.4743652e-01
  -3.0398560e-01
   6.0455322e-02
   3.0828857e-01
   2.4014282e-01
   2.7761841e-01
   2.5479126e-01
   2.6721191e-01
   2.6412964e-01
   2.5634766e-01
   2.8131104e-01
  -1.3037109e-01
  -3.0307007e-01
  -2.4304199e-01
  -2.8155518e-01
  -2.5207520e-01
  -2.7658081e-01
  -2.5424194e-01
  -2.7816772e-01
  -2.3040771e-01
   2.1304321e-01
   2.8118896e-01
   2.5061035e-01
   2.7545166e-01
   2.5100708e-01
   2.7737427e-01
   2.4548340e-01
   2.9150391e-01
   1.7315674e-01
  -2.6101685e-01
  -2.6745605e-01
  -2.6040649e-01
  -2.7297974e-01
  -2.5384521e-01
  -2.8115845e-01
  -2.4084473e-01
  -3.0944824e-01
  -8.0871582e-02
   2.9724121e-01
   2.4880981e-01
   2.6919556e-01
   2.6345825e-01
   2.5756836e-01
   2.7548218e-01
   2.4118042e-01
   3.0889893e-01
   7.3242188e-03
  -3.1106567e-01
  -2.4295044e-01
  -2.7783203e-01
  -2.5900269e-01
  -2.6611328e-01
  -2.6989746e-01
  -2.5259399e-01
  -2.9483032e-01
   9.8022461e-02
   3.0474854e-01
   2.4066162e-01
   2.7822876e-01
   2.5299072e-01
   2.6983643e-01
   2.5979614e-01
   2.6312256e-01
   2.6467896e-01
  -1.6488647e-01
  -2.9644775e-01
  -2.4581909e-01
  -2.8082275e-01
  -2.5140381e-01
  -2.7886963e-01
  -2.5009155e-01
  -2.8656006e-01
  -2.0324707e-01
   2.3852539e-01
   2.7288818e-01
   2.5460815e-01
   2.7307129e-01
   2.5134277e-01
   2.7789307e-01
   2.4230957e-01
   2.9809570e-01
   1.4001465e-01
  -2.7917480e-01
  -2.6040649e-01
  -2.6528931e-01
  -2.7029419e-01
  -2.5622559e-01
  -2.8042603e-01
  -2.4121094e-01
  -3.1204224e-01
  -4.2541504e-02
   3.0432129e-01
   2.4423218e-01
   2.7200317e-01
   2.6043701e-01
   2.5970459e-01
   2.7270508e-01
   2.4325562e-01
   3.0551147e-01
  -3.2165527e-02
  -3.1271362e-01
  -2.4172974e-01
  -2.8048706e-01
  -2.5683594e-01
  -2.6983643e-01
  -2.6614380e-01
  -2.5915527e-01
  -2.8170776e-01
   1.3400269e-01
   2.9919434e-01
   2.4224854e-01
   2.7804565e-01
   2.5189209e-01
   2.7233887e-01
   2.5555420e-01
   2.7072144e-01
   2.4407959e-01
  -1.9601440e-01
  -2.8875732e-01
  -2.4926758e-01
  -2.7941895e-01
  -2.5152588e-01
  -2.8036499e-01
  -2.4633789e-01
  -2.9437256e-01
  -1.7303467e-01
   2.5988770e-01
   2.6516724e-01
   2.5872803e-01
   2.7066040e-01
   2.5256348e-01
   2.7832031e-01
   2.4066162e-01
   3.0401611e-01
   1.0409546e-01
  -2.9287720e-01
  -2.5363159e-01
  -2.6922607e-01
  -2.6675415e-01
  -2.5823975e-01
  -2.7807617e-01
  -2.4227905e-01
  -3.1137085e-01
  -3.0517578e-03
   3.0838013e-01
   2.4179077e-01
   2.7493286e-01
   2.5823975e-01
   2.6284790e-01
   2.7001953e-01
   2.4746704e-01
   2.9959106e-01
  -7.0556641e-02
  -3.1048584e-01
  -2.4081421e-01
  -2.8125000e-01
  -2.5418091e-01
  -2.7236938e-01
  -2.6101685e-01
  -2.6586914e-01
  -2.6416016e-01
   1.6781616e-01
   2.9290771e-01
   2.4523926e-01
   2.7749634e-01
   2.5128174e-01
   2.7471924e-01
   2.5164795e-01
   2.7886963e-01
   2.2012329e-01
  -2.2369385e-01
  -2.8042603e-01
  -2.5311279e-01
  -2.7716064e-01
  -2.5152588e-01
  -2.8137207e-01
  -2.4304199e-01
  -3.0169678e-01
  -1.3665771e-01
   2.7877808e-01
   2.5778198e-01
   2.6351929e-01
   2.6791382e-01
   2.5457764e-01
   2.7786255e-01
   2.4017334e-01
   3.0792236e-01
   6.6955566e-02
  -3.0270386e-01
  -2.4835205e-01
  -2.7291870e-01
  -2.6342773e-01
  -2.6104736e-01
  -2.7536011e-01
  -2.4496460e-01
  -3.0776978e-01
   3.6315918e-02
   3.0929565e-01
   2.4044800e-01
   2.7697754e-01
   2.5607300e-01
   2.6565552e-01
   2.6654053e-01
   2.5283813e-01
   2.8945923e-01
  -1.0864258e-01
  -3.0630493e-01
  -2.4163818e-01
  -2.8158569e-01
  -2.5231934e-01
  -2.7505493e-01
  -2.5628662e-01
  -2.7362061e-01
  -2.4301147e-01
   1.9845581e-01
   2.8540039e-01
   2.4877930e-01
   2.7636719e-01
   2.5122070e-01
   2.7664185e-01
   2.4789429e-01
   2.8695679e-01
   1.9250488e-01
  -2.4771118e-01
  -2.7212524e-01
  -2.5744629e-01
  -2.7444458e-01
  -2.5256348e-01
  -2.8131104e-01
  -2.4124146e-01
  -3.0682373e-01
  -1.0244751e-01
   2.9144287e-01
   2.5204468e-01
   2.6733398e-01
   2.6528931e-01
   2.5646973e-01
   2.7661133e-01
   2.4053955e-01
   3.0947876e-01
   2.8503418e-02
  -3.0886841e-01
  -2.4450684e-01
  -2.7615356e-01
  -2.6055908e-01
  -2.6416016e-01
  -2.7212524e-01
  -2.4926758e-01
  -3.0081177e-01
   7.5012207e-02
   3.0728149e-01
   2.4020386e-01
   2.7801514e-01
   2.5399780e-01
   2.6834106e-01
   2.6242065e-01
   2.5906372e-01
   2.7505493e-01
  -1.4477539e-01
  -3.0047607e-01
  -2.4389648e-01
  -2.8140259e-01
  -2.5158691e-01
  -2.7770996e-01
  -2.5219727e-01
  -2.8207397e-01
  -2.1804810e-01
   2.2558594e-01
   2.7728271e-01
   2.5241089e-01
   2.7420044e-01
   2.5128174e-01
   2.7755737e-01
   2.4438477e-01
   2.9415894e-01
   1.6088867e-01
  -2.6837158e-01
  -2.6449585e-01
  -2.6217651e-01
  -2.7178955e-01
  -2.5463867e-01
  -2.8091431e-01
  -2.4063110e-01
  -3.1091309e-01
  -6.2377930e-02
   3.0120850e-01
   2.4670410e-01
   2.7087402e-01
   2.6223755e-01
   2.5872803e-01
   2.7444458e-01
   2.4215698e-01
   3.0795288e-01
  -1.1260986e-02
  -3.1192017e-01
  -2.4203491e-01
  -2.7886963e-01
  -2.5790405e-01
  -2.6742554e-01
  -2.6821899e-01
  -2.5482178e-01
  -2.9006958e-01
   1.1221313e-01
   3.0303955e-01
   2.4124146e-01
   2.7844238e-01
   2.5256348e-01
   2.7096558e-01
   2.5817871e-01
   2.6626587e-01
   2.5689697e-01
  -1.7785645e-01
  -2.9339600e-01
  -2.4694824e-01
  -2.8030396e-01
  -2.5106812e-01
  -2.7972412e-01
  -2.4819946e-01
  -2.9025269e-01
  -1.8936157e-01
   2.4905396e-01
   2.6925659e-01
   2.5665283e-01
   2.7197266e-01
   2.5207520e-01
   2.7813721e-01
   2.4188232e-01
   3.0065918e-01
   1.2683105e-01
  -2.8472900e-01
  -2.5747681e-01
  -2.6666260e-01
  -2.6873779e-01
  -2.5683594e-01
  -2.7944946e-01
  -2.4124146e-01
  -3.1198120e-01
  -2.4353027e-02
   3.0676270e-01
   2.4316406e-01
   2.7362061e-01
   2.5958252e-01
   2.6135254e-01
   2.7175903e-01
   2.4526978e-01
   3.0337524e-01
  -5.0262451e-02
  -3.1167603e-01
  -2.4099731e-01
  -2.8048706e-01
  -2.5537109e-01
  -2.7053833e-01
  -2.6382446e-01
  -2.6147461e-01
  -2.7514648e-01
   1.4773560e-01
   2.9705811e-01
   2.4334717e-01
   2.7813721e-01
   2.5146484e-01
   2.7359009e-01
   2.5375366e-01
   2.7450562e-01
   2.3388672e-01
  -2.0886230e-01
  -2.8497314e-01
  -2.5088501e-01
  -2.7835083e-01
  -2.5125122e-01
  -2.8079224e-01
  -2.4475098e-01
  -2.9757690e-01
  -1.5734863e-01
   2.6882935e-01
   2.6196289e-01
   2.6107788e-01
   2.6956177e-01
   2.5354004e-01
   2.7828979e-01
   2.4047852e-01
   3.0569458e-01
   9.0270996e-02
  -2.9711914e-01
  -2.5134277e-01
  -2.7078247e-01
  -2.6538086e-01
  -2.5942993e-01
  -2.7697754e-01
  -2.4325562e-01
  -3.1005859e-01
   1.6082764e-02
   3.0932617e-01
   2.4111938e-01
   2.7600098e-01
   2.5729370e-01
   2.6409912e-01
   2.6852417e-01
   2.4984741e-01
   2.9525757e-01
  -8.8806152e-02
  -3.0874634e-01
  -2.4114990e-01
  -2.8140259e-01
  -2.5350952e-01
  -2.7343750e-01
  -2.5918579e-01
  -2.6876831e-01
  -2.5646973e-01
   1.7999268e-01
   2.9013062e-01
   2.4645996e-01
   2.7734375e-01
   2.5106812e-01
   2.7578735e-01
   2.4981689e-01
   2.8265381e-01
   2.0788574e-01
  -2.3519897e-01
  -2.7658081e-01
  -2.5506592e-01
  -2.7593994e-01
  -2.5198364e-01
  -2.8128052e-01
  -2.4218750e-01
  -3.0392456e-01
  -1.2258911e-01
   2.8454590e-01
   2.5549316e-01
   2.6519775e-01
   2.6690674e-01
   2.5543213e-01
   2.7755737e-01
   2.4029541e-01
   3.0886841e-01
   5.2795410e-02
  -3.0541992e-01
  -2.4645996e-01
  -2.7413940e-01
  -2.6202393e-01
  -2.6223755e-01
  -2.7377319e-01
  -2.4664307e-01
  -3.0490112e-01
   5.5145264e-02
   3.0877686e-01
   2.4038696e-01
   2.7767944e-01
   2.5527954e-01
   2.6708984e-01
   2.6492310e-01
   2.5570679e-01
   2.8369141e-01
  -1.2496948e-01
  -3.0368042e-01
  -2.4243164e-01
  -2.8131104e-01
  -2.5186157e-01
  -2.7600098e-01
  -2.5448608e-01
  -2.7679443e-01
  -2.3315430e-01
   2.0989990e-01
   2.8234863e-01
   2.5030518e-01
   2.7581787e-01
   2.5115967e-01
   2.7740479e-01
   2.4624634e-01
   2.9064941e-01
   1.7800903e-01
  -2.5787354e-01
  -2.6837158e-01
  -2.5970459e-01
  -2.7322388e-01
  -2.5341797e-01
  -2.8106689e-01
  -2.4078369e-01
  -3.0871582e-01
  -8.6029053e-02
   2.9614258e-01
   2.4969482e-01
   2.6895142e-01
   2.6406860e-01
   2.5744629e-01
   2.7587891e-01
   2.4102783e-01
   3.0917358e-01
   1.2084961e-02
  -3.1054688e-01
  -2.4316406e-01
  -2.7731323e-01
  -2.5915527e-01
  -2.6553345e-01
  -2.7023315e-01
  -2.5152588e-01
  -2.9605103e-01
   9.3109131e-02
   3.0554199e-01
   2.4072266e-01
   2.7838135e-01
   2.5344849e-01
   2.6971436e-01
   2.6062012e-01
   2.6226807e-01
   2.6748657e-01
  -1.5988159e-01
  -2.9730225e-01
  -2.4508667e-01
  -2.8091431e-01
  -2.5119019e-01
  -2.7847290e-01
  -2.5027466e-01
  -2.8558350e-01
  -2.0578003e-01
   2.3648071e-01
   2.7386475e-01
   2.5433350e-01
   2.7343750e-01
   2.5161743e-01
   2.7813721e-01
   2.4313354e-01
   2.9751587e-01
   1.4520264e-01
  -2.7651978e-01
  -2.6104736e-01
  -2.6434326e-01
  -2.7032471e-01
  -2.5549316e-01
  -2.8027344e-01
  -2.4078369e-01
  -3.1149292e-01
  -4.7912598e-02
   3.0386353e-01
   2.4523926e-01
   2.7200317e-01
   2.6123047e-01
   2.5976563e-01
   2.7352905e-01
   2.4328613e-01
   3.0657959e-01
  -2.6367188e-02
  -3.1210327e-01
  -2.4136353e-01
  -2.7972412e-01
  -2.5671387e-01
  -2.6892090e-01
  -2.6620483e-01
  -2.5787354e-01
  -2.8359985e-01
   1.2939453e-01
   3.0029297e-01
   2.4212646e-01
   2.7819824e-01
   2.5201416e-01
   2.7197266e-01
   2.5619507e-01
   2.6965332e-01
   2.4752808e-01
  -1.9158936e-01
  -2.8988647e-01
  -2.4874878e-01
  -2.7978516e-01
  -2.5122070e-01
  -2.8033447e-01
  -2.4667358e-01
  -2.9364014e-01
  -1.7599487e-01
   2.5796509e-01
   2.6593018e-01
   2.5848389e-01
   2.7084351e-01
   2.5250244e-01
   2.7828979e-01
   2.4081421e-01
   3.0322266e-01
   1.0943604e-01
  -2.9125977e-01
  -2.5457764e-01
  -2.6873779e-01
  -2.6730347e-01
  -2.5814819e-01
  -2.7859497e-01
  -2.4206543e-01
  -3.1170654e-01
  -8.6364746e-03
   3.0804443e-01
   2.4203491e-01
   2.7459717e-01
   2.5848389e-01
   2.6223755e-01
   2.7032471e-01
   2.4682617e-01
   3.0047607e-01
  -6.5917969e-02
  -3.1103516e-01
  -2.4090576e-01
  -2.8118896e-01
  -2.5457764e-01
  -2.7209473e-01
  -2.6187134e-01
  -2.6495361e-01
  -2.6696777e-01
   1.6317749e-01
   2.9370117e-01
   2.4459839e-01
   2.7752686e-01
   2.5122070e-01
   2.7429199e-01
   2.5204468e-01
   2.7767944e-01
   2.2372437e-01
  -2.2003174e-01
  -2.8161621e-01
  -2.5259399e-01
  -2.7758789e-01
  -2.5140381e-01
  -2.8134155e-01
  -2.4340820e-01
  -3.0096436e-01
  -1.4102173e-01
   2.7676392e-01
   2.5860596e-01
   2.6296997e-01
   2.6821899e-01
   2.5430298e-01
   2.7789307e-01
   2.4005127e-01
   3.0740356e-01
   7.2448730e-02
  -3.0151367e-01
  -2.4899292e-01
  -2.7236938e-01
  -2.6391602e-01
  -2.6065063e-01
  -2.7584839e-01
  -2.4453735e-01
  -3.0847168e-01
   3.0670166e-02
   3.0944824e-01
   2.4053955e-01
   2.7679443e-01
   2.5628662e-01
   2.6535034e-01
   2.6696777e-01
   2.5216675e-01
   2.9055786e-01
  -1.0498047e-01
  -3.0682373e-01
  -2.4163818e-01
  -2.8164673e-01
  -2.5280762e-01
  -2.7474976e-01
  -2.5711060e-01
  -2.7264404e-01
  -2.4621582e-01
   1.9433594e-01
   2.8640747e-01
   2.4822998e-01
   2.7648926e-01
   2.5119019e-01
   2.7630615e-01
   2.4832153e-01
   2.8564453e-01
   1.9647217e-01
  -2.4459839e-01
  -2.7334595e-01
  -2.5686646e-01
  -2.7502441e-01
  -2.5247192e-01
  -2.8146362e-01
  -2.4136353e-01
  -3.0664063e-01
  -1.0534668e-01
   2.9046631e-01
   2.5250244e-01
   2.6696777e-01
   2.6550293e-01
   2.5625610e-01
   2.7679443e-01
   2.4044800e-01
   3.0938721e-01
   3.3752441e-02
  -3.0825806e-01
  -2.4481201e-01
  -2.7563477e-01
  -2.6083374e-01
  -2.6367188e-01
  -2.7239990e-01
  -2.4850464e-01
  -3.0184937e-01
   7.0159912e-02
   3.0780029e-01
   2.4008179e-01
   2.7807617e-01
   2.5427246e-01
   2.6828003e-01
   2.6281738e-01
   2.5866699e-01
   2.7639771e-01
  -1.4205933e-01
  -3.0078125e-01
  -2.4362183e-01
  -2.8118896e-01
  -2.5155640e-01
  -2.7716064e-01
  -2.5268555e-01
  -2.8076172e-01
  -2.2161865e-01
   2.2198486e-01
   2.7844238e-01
   2.5198364e-01
   2.7465820e-01
   2.5134277e-01
   2.7755737e-01
   2.4490356e-01
   2.9330444e-01
   1.6543579e-01
  -2.6568604e-01
  -2.6550293e-01
  -2.6150513e-01
  -2.7212524e-01
  -2.5418091e-01
  -2.8094482e-01
  -2.4053955e-01
  -3.1045532e-01
  -6.7626953e-02
   3.0020142e-01
   2.4734497e-01
   2.7047729e-01
   2.6269531e-01
   2.5845337e-01
   2.7474976e-01
   2.4182129e-01
   3.0831909e-01
  -5.9509277e-03
  -3.1164551e-01
  -2.4224854e-01
  -2.7844238e-01
  -2.5811768e-01
  -2.6702881e-01
  -2.6873779e-01
  -2.5402832e-01
  -2.9174805e-01
   1.0745239e-01
   3.0368042e-01
   2.4102783e-01
   2.7844238e-01
   2.5259399e-01
   2.7081299e-01
   2.5845337e-01
   2.6565552e-01
   2.5848389e-01
  -1.7526245e-01
  -2.9391479e-01
  -2.4676514e-01
  -2.8033447e-01
  -2.5125122e-01
  -2.7923584e-01
  -2.4877930e-01
  -2.8909302e-01
  -1.9366455e-01
   2.4597168e-01
   2.7035522e-01
   2.5607300e-01
   2.7230835e-01
   2.5195313e-01
   2.7813721e-01
   2.4218750e-01
   2.9980469e-01
   1.3183594e-01
  -2.8265381e-01
  -2.5839233e-01
  -2.6605225e-01
  -2.6919556e-01
  -2.5653076e-01
  -2.7975464e-01
  -2.4111938e-01
  -3.1213379e-01
  -2.8839111e-02
   3.0624390e-01
   2.4343872e-01
   2.7319336e-01
   2.5979614e-01
   2.6092529e-01
   2.7209473e-01
   2.4462891e-01
   3.0392456e-01
  -4.4982910e-02
  -3.1198120e-01
  -2.4118042e-01
  -2.8054810e-01
  -2.5585938e-01
  -2.7032471e-01
  -2.6449585e-01
  -2.6071167e-01
  -2.7722168e-01
   1.4352417e-01
   2.9776001e-01
   2.4301147e-01
   2.7807617e-01
   2.5134277e-01
   2.7304077e-01
   2.5411987e-01
   2.7328491e-01
   2.3663330e-01
  -2.0559692e-01
  -2.8613281e-01
  -2.5061035e-01
  -2.7886963e-01
  -2.5158691e-01
  -2.8091431e-01
  -2.4545288e-01
  -2.9684448e-01
  -1.6247559e-01
   2.6586914e-01
   2.6257324e-01
   2.6004028e-01
   2.6947021e-01
   2.5271606e-01
   2.7767944e-01
   2.4014282e-01
   3.0474854e-01
   9.4970703e-02
  -2.9605103e-01
  -2.5247192e-01
  -2.7050781e-01
  -2.6602173e-01
  -2.5936890e-01
  -2.7780151e-01
  -2.4328613e-01
  -3.1082153e-01
   1.0040283e-02
   3.0874634e-01
   2.4084473e-01
   2.7529907e-01
   2.5708008e-01
   2.6333618e-01
   2.6867676e-01
   2.4880981e-01
   2.9635620e-01
  -8.3770752e-02
  -3.0960083e-01
  -2.4130249e-01
  -2.8158569e-01
  -2.5390625e-01
  -2.7340698e-01
  -2.6013184e-01
  -2.6818848e-01
  -2.5909424e-01
   1.7614746e-01
   2.9067993e-01
   2.4575806e-01
   2.7716064e-01
   2.5085449e-01
   2.7536011e-01
   2.5006104e-01
   2.8152466e-01
   2.1099854e-01
  -2.3239136e-01
  -2.7774048e-01
  -2.5473022e-01
  -2.7645874e-01
  -2.5213623e-01
  -2.8146362e-01
  -2.4273682e-01
  -3.0328369e-01
  -1.2786865e-01
   2.8237915e-01
   2.5598145e-01
   2.6437378e-01
   2.6705933e-01
   2.5494385e-01
   2.7755737e-01
   2.4002075e-01
   3.0838013e-01
   5.7708740e-02
  -3.0471802e-01
  -2.4731445e-01
  -2.7395630e-01
  -2.6275635e-01
  -2.6205444e-01
  -2.7453613e-01
  -2.4630737e-01
  -3.0603027e-01
   4.9499512e-02
   3.0877686e-01
   2.4005127e-01
   2.7728271e-01
   2.5531006e-01
   2.6651001e-01
   2.6525879e-01
   2.5466919e-01
   2.8530884e-01
  -1.2033081e-01
  -3.0468750e-01
  -2.4221802e-01
  -2.8161621e-01
